
13.71,3.843,5.43,42.5068512,2.0501332,1738.60,8,1.56,2024-11-10T22:06:35.00+02:00
13.36,3.850,4.17,42.5068512,2.0501332,1738.60,8,1.56,2024-11-10T22:06:36.00+02:00
13.71,3.845,5.57,42.5068016,2.0501499,1738.20,9,1.32,2024-11-10T22:06:37.00+02:00
13.51,3.842,5.57,42.5068016,2.0501499,1738.20,9,1.32,2024-11-10T22:06:38.00+02:00
13.71,3.843,5.57,42.5068016,2.0501499,1738.20,9,1.32,2024-11-10T22:06:39.00+02:00
13.36,3.847,5.46,42.5068016,2.0501499,1738.20,9,1.32,2024-11-10T22:06:40.00+02:00
13.36,3.847,5.46,42.5068016,2.0501499,1738.20,9,1.32,2024-11-10T22:06:41.00+02:00
13.16,3.844,7.65,42.5067329,2.0502334,1737.60,9,1.32,2024-11-10T22:06:42.00+02:00
13.71,3.847,7.65,42.5067329,2.0502334,1737.60,9,1.32,2024-11-10T22:06:43.00+02:00
13.16,3.841,9.11,42.5066833,2.0502834,1737.30,9,1.32,2024-11-10T22:06:44.00+02:00
13.71,3.845,9.11,42.5066833,2.0502834,1737.30,9,1.32,2024-11-10T22:06:45.00+02:00
13.36,3.843,16.56,42.5066833,2.0502834,1737.30,9,1.32,2024-11-10T22:06:46.00+02:00
13.36,3.845,17.81,42.5065346,2.0503500,1737.00,8,1.37,2024-11-10T22:06:47.00+02:00
13.16,3.841,17.81,42.5065346,2.0503500,1737.00,8,1.37,2024-11-10T22:06:48.00+02:00
13.51,3.844,17.81,42.5065346,2.0503500,1737.00,8,1.37,2024-11-10T22:06:49.00+02:00
13.71,3.842,15.04,42.5065346,2.0503500,1737.00,8,1.37,2024-11-10T22:06:50.00+02:00
13.16,3.841,15.04,42.5065346,2.0503500,1737.00,8,1.37,2024-11-10T22:06:51.00+02:00
13.36,3.845,21.74,42.5063019,2.0505166,1737.00,10,1.10,2024-11-10T22:06:52.00+02:00
13.51,3.844,21.74,42.5063019,2.0505166,1737.00,10,1.10,2024-11-10T22:06:53.00+02:00
13.71,3.843,26.02,42.5063019,2.0505166,1737.00,10,1.10,2024-11-10T22:06:54.00+02:00
13.71,3.843,26.02,42.5063019,2.0505166,1737.00,10,1.10,2024-11-10T22:06:55.00+02:00
13.36,3.847,26.13,42.5060844,2.0506833,1737.30,11,1.11,2024-11-10T22:06:56.00+02:00
13.51,3.842,16.39,42.5060501,2.0506833,1737.10,11,1.09,2024-11-10T22:06:57.00+02:00
13.36,3.845,10.94,42.5060501,2.0506833,1737.10,11,1.09,2024-11-10T22:06:58.00+02:00
13.36,3.845,10.94,42.5060501,2.0506833,1737.10,11,1.09,2024-11-10T22:06:59.00+02:00
13.71,3.843,5.17,42.5060349,2.0506999,1735.00,11,1.11,2024-11-10T22:07:00.00+02:00
13.71,3.843,5.17,42.5060349,2.0506999,1735.00,11,1.11,2024-11-10T22:07:01.00+02:00
13.71,3.845,0.00,42.5060349,2.0506999,1735.00,11,1.11,2024-11-10T22:07:02.00+02:00
13.71,3.843,0.00,42.5060349,2.0506999,1735.00,11,1.11,2024-11-10T22:07:03.00+02:00
13.16,3.842,9.35,42.5060997,2.0506167,1733.20,11,1.09,2024-11-10T22:07:04.00+02:00
13.51,3.841,14.74,42.5060997,2.0506167,1733.20,11,1.09,2024-11-10T22:07:05.00+02:00
13.51,3.841,14.74,42.5060997,2.0506167,1733.20,11,1.09,2024-11-10T22:07:06.00+02:00
13.16,3.841,19.43,42.5062332,2.0504832,1732.70,11,1.11,2024-11-10T22:07:07.00+02:00
13.36,3.843,19.43,42.5062332,2.0504832,1732.70,11,1.11,2024-11-10T22:07:08.00+02:00
13.71,3.843,18.72,42.5063171,2.0504167,1731.90,9,1.39,2024-11-10T22:07:09.00+02:00
13.51,3.841,18.72,42.5063171,2.0504167,1731.90,9,1.39,2024-11-10T22:07:10.00+02:00
13.36,3.838,15.54,42.5063667,2.0503500,1731.60,9,1.33,2024-11-10T22:07:11.00+02:00
13.16,3.839,4.22,42.5063667,2.0503500,1731.30,9,1.28,2024-11-10T22:07:12.00+02:00
13.16,3.837,4.22,42.5063667,2.0503500,1731.30,9,1.28,2024-11-10T22:07:13.00+02:00
13.16,3.837,4.22,42.5063667,2.0503500,1731.30,9,1.28,2024-11-10T22:07:14.00+02:00
13.36,3.843,17.26,42.5062828,2.0504000,1730.40,9,1.26,2024-11-10T22:07:15.00+02:00
13.16,3.841,17.26,42.5062828,2.0504000,1730.40,9,1.26,2024-11-10T22:07:16.00+02:00
13.36,3.843,30.83,42.5061340,2.0505500,1730.00,9,1.21,2024-11-10T22:07:17.00+02:00
13.36,3.843,30.83,42.5061340,2.0505500,1730.00,9,1.21,2024-11-10T22:07:18.00+02:00
13.51,3.841,32.85,42.5060158,2.0506666,1729.60,8,1.27,2024-11-10T22:07:19.00+02:00
13.36,3.842,32.85,42.5060158,2.0506666,1729.60,8,1.27,2024-11-10T22:07:20.00+02:00
13.36,3.843,25.67,42.5060158,2.0506666,1729.60,8,1.27,2024-11-10T22:07:21.00+02:00
13.51,3.839,22.48,42.5059166,2.0508332,1729.60,11,1.09,2024-11-10T22:07:22.00+02:00
13.16,3.841,18.87,42.5059166,2.0508332,1729.60,11,1.09,2024-11-10T22:07:23.00+02:00
13.71,3.842,18.87,42.5059166,2.0508332,1729.60,11,1.09,2024-11-10T22:07:24.00+02:00
13.71,3.843,11.24,42.5059166,2.0508332,1729.60,11,1.09,2024-11-10T22:07:25.00+02:00
13.71,3.843,11.24,42.5059166,2.0508332,1729.60,11,1.09,2024-11-10T22:07:26.00+02:00
13.71,3.842,15.74,42.5058174,2.0508833,1730.00,8,1.29,2024-11-10T22:07:27.00+02:00
13.16,3.841,15.74,42.5058174,2.0508833,1730.00,8,1.29,2024-11-10T22:07:28.00+02:00
13.51,3.841,18.19,42.5058174,2.0508833,1730.00,8,1.29,2024-11-10T22:07:29.00+02:00
13.71,3.843,18.19,42.5058174,2.0508833,1730.00,8,1.29,2024-11-10T22:07:30.00+02:00
13.16,3.839,7.72,42.5057335,2.0509334,1730.00,9,1.23,2024-11-10T22:07:31.00+02:00
13.71,3.843,3.65,42.5057335,2.0509167,1730.00,10,1.15,2024-11-10T22:07:32.00+02:00
13.71,3.838,3.65,42.5057335,2.0509167,1730.00,10,1.15,2024-11-10T22:07:33.00+02:00
13.71,3.838,3.65,42.5057335,2.0509167,1730.00,10,1.15,2024-11-10T22:07:34.00+02:00
13.36,3.840,0.00,42.5057678,2.0508332,1729.60,10,1.12,2024-11-10T22:07:35.00+02:00
13.36,3.843,0.00,42.5057678,2.0508332,1729.60,10,1.12,2024-11-10T22:07:36.00+02:00
13.36,3.842,5.46,42.5057678,2.0508332,1729.60,10,1.12,2024-11-10T22:07:37.00+02:00
13.51,3.842,5.46,42.5057678,2.0508332,1729.60,10,1.12,2024-11-10T22:07:38.00+02:00
13.71,3.842,0.00,42.5057983,2.0507667,1729.80,11,1.09,2024-11-10T22:07:39.00+02:00
13.36,3.843,0.00,42.5057983,2.0507667,1729.80,11,1.09,2024-11-10T22:07:40.00+02:00
13.71,3.842,0.00,42.5057983,2.0507667,1729.80,11,1.09,2024-11-10T22:07:41.00+02:00
13.16,3.839,8.57,42.5058174,2.0508001,1729.30,11,1.09,2024-11-10T22:07:42.00+02:00
13.71,3.843,8.57,42.5058174,2.0508168,1729.20,10,1.15,2024-11-10T22:07:43.00+02:00
13.71,3.842,8.57,42.5058174,2.0508168,1729.20,10,1.15,2024-11-10T22:07:44.00+02:00
13.36,3.842,8.57,42.5058174,2.0508168,1729.20,10,1.15,2024-11-10T22:07:45.00+02:00
13.51,3.839,5.61,42.5057983,2.0508499,1728.40,8,1.22,2024-11-10T22:07:46.00+02:00
13.36,3.842,5.56,42.5057831,2.0508499,1728.20,8,1.22,2024-11-10T22:07:47.00+02:00
13.85,3.839,5.56,42.5057831,2.0508499,1728.20,8,1.22,2024-11-10T22:07:48.00+02:00
13.71,3.842,8.26,42.5057487,2.0508833,1727.90,9,1.13,2024-11-10T22:07:49.00+02:00
13.71,3.842,8.26,42.5057487,2.0508833,1727.90,9,1.13,2024-11-10T22:07:50.00+02:00
13.36,3.842,8.26,42.5057487,2.0508833,1727.90,9,1.13,2024-11-10T22:07:51.00+02:00
14.05,3.843,9.13,42.5056992,2.0509834,1727.80,10,1.10,2024-11-10T22:07:52.00+02:00
13.71,3.840,9.76,42.5056839,2.0510001,1728.10,10,1.10,2024-11-10T22:07:53.00+02:00
13.71,3.845,9.76,42.5056839,2.0510001,1728.10,10,1.10,2024-11-10T22:07:54.00+02:00
14.05,3.847,9.76,42.5056839,2.0510001,1728.10,10,1.10,2024-11-10T22:07:55.00+02:00
13.36,3.847,6.72,42.5056496,2.0510499,1728.50,10,1.10,2024-11-10T22:07:56.00+02:00
13.71,3.842,5.76,42.5056343,2.0510499,1728.30,9,1.22,2024-11-10T22:07:57.00+02:00
13.51,3.839,5.76,42.5056343,2.0510499,1728.30,9,1.22,2024-11-10T22:07:58.00+02:00
12.68,3.843,5.76,42.5056343,2.0510499,1728.30,9,1.22,2024-11-10T22:07:59.00+02:00
13.85,3.837,5.74,42.5056152,2.0510333,1728.30,9,1.18,2024-11-10T22:08:00.00+02:00
14.05,3.847,5.74,42.5056152,2.0510333,1728.30,9,1.18,2024-11-10T22:08:01.00+02:00
13.71,3.847,6.02,42.5056839,2.0510333,1727.90,10,1.10,2024-11-10T22:08:02.00+02:00
13.71,3.845,6.93,42.5056992,2.0510499,1727.60,10,1.10,2024-11-10T22:08:03.00+02:00
13.71,3.847,6.93,42.5056992,2.0510499,1727.60,10,1.10,2024-11-10T22:08:04.00+02:00
13.71,3.847,6.93,42.5056992,2.0510499,1727.60,10,1.10,2024-11-10T22:08:05.00+02:00
13.71,3.847,4.67,42.5056992,2.0510499,1727.60,10,1.10,2024-11-10T22:08:06.00+02:00
13.71,3.847,4.67,42.5056839,2.0511000,1726.90,10,1.10,2024-11-10T22:08:07.00+02:00
13.85,3.836,0.00,42.5056839,2.0511000,1726.90,10,1.10,2024-11-10T22:08:08.00+02:00
13.36,3.852,0.00,42.5056839,2.0511000,1726.90,10,1.10,2024-11-10T22:08:09.00+02:00
14.05,3.845,0.00,42.5056839,2.0511167,1726.80,9,1.18,2024-11-10T22:08:10.00+02:00
13.51,3.844,0.00,42.5056839,2.0511167,1726.80,9,1.18,2024-11-10T22:08:11.00+02:00
13.71,3.847,0.00,42.5056839,2.0511167,1726.80,10,1.10,2024-11-10T22:08:12.00+02:00
13.51,3.842,0.00,42.5056839,2.0511167,1726.80,10,1.10,2024-11-10T22:08:13.00+02:00
14.05,3.845,0.00,42.5056839,2.0511167,1726.80,10,1.10,2024-11-10T22:08:14.00+02:00
13.71,3.847,0.00,42.5056839,2.0511167,1726.80,10,1.10,2024-11-10T22:08:15.00+02:00
14.05,3.847,0.00,42.5056839,2.0511167,1726.80,10,1.10,2024-11-10T22:08:16.00+02:00
13.71,3.847,0.00,42.5056839,2.0511167,1726.80,10,1.10,2024-11-10T22:08:17.00+02:00
13.71,3.843,0.00,42.5056839,2.0511167,1726.80,10,1.10,2024-11-10T22:08:18.00+02:00
13.71,3.845,0.00,42.5056839,2.0511167,1726.80,10,1.10,2024-11-10T22:08:19.00+02:00
14.26,3.849,0.00,42.5056839,2.0511167,1726.80,10,1.10,2024-11-10T22:08:20.00+02:00
13.71,3.838,0.00,42.5056839,2.0511167,1726.80,10,1.10,2024-11-10T22:08:21.00+02:00
14.05,3.837,0.00,42.5056839,2.0511167,1726.80,10,1.10,2024-11-10T22:08:22.00+02:00
13.51,3.834,0.00,42.5056839,2.0511167,1726.80,10,1.10,2024-11-10T22:08:23.00+02:00
13.51,3.841,0.00,42.5056839,2.0511167,1726.80,10,1.10,2024-11-10T22:08:24.00+02:00
13.71,3.847,0.00,42.5056839,2.0511167,1726.80,10,1.10,2024-11-10T22:08:25.00+02:00
14.05,3.845,0.00,42.5056839,2.0511167,1726.80,10,1.10,2024-11-10T22:08:26.00+02:00
14.05,3.842,0.00,42.5056839,2.0511167,1726.80,10,1.10,2024-11-10T22:08:27.00+02:00
13.71,3.847,0.00,42.5056839,2.0511167,1726.80,10,1.10,2024-11-10T22:08:28.00+02:00
13.51,3.842,0.00,42.5056839,2.0511167,1726.80,10,1.10,2024-11-10T22:08:29.00+02:00
13.51,3.842,0.00,42.5056000,2.0510666,1724.90,10,1.10,2024-11-10T22:08:30.00+02:00
14.05,3.833,0.00,42.5056000,2.0510666,1724.90,10,1.10,2024-11-10T22:08:31.00+02:00
14.05,3.838,0.00,42.5056000,2.0510666,1724.90,10,1.10,2024-11-10T22:08:32.00+02:00
13.85,3.831,0.00,42.5056000,2.0510666,1724.90,10,1.10,2024-11-10T22:08:33.00+02:00
13.71,3.840,0.00,42.5055656,2.0510499,1724.40,10,1.21,2024-11-10T22:08:34.00+02:00
13.85,3.836,0.00,42.5055656,2.0510499,1724.40,10,1.21,2024-11-10T22:08:35.00+02:00
14.05,3.847,0.00,42.5055351,2.0510499,1724.50,11,1.09,2024-11-10T22:08:36.00+02:00
14.05,3.840,0.50,42.5055161,2.0510666,1724.60,10,1.19,2024-11-10T22:08:37.00+02:00
14.05,3.845,12.50,42.5055008,2.0511000,1725.00,10,1.15,2024-11-10T22:08:38.00+02:00
14.05,3.845,12.50,42.5055008,2.0511000,1725.00,10,1.15,2024-11-10T22:08:39.00+02:00
13.51,3.844,7.28,42.5054817,2.0511668,1724.30,9,1.18,2024-11-10T22:08:40.00+02:00
13.71,3.843,7.28,42.5054817,2.0511668,1724.30,9,1.18,2024-11-10T22:08:41.00+02:00
13.51,3.834,4.39,42.5054512,2.0511832,1724.00,9,1.18,2024-11-10T22:08:42.00+02:00
14.05,3.845,4.39,42.5054512,2.0511832,1724.00,9,1.18,2024-11-10T22:08:43.00+02:00
13.91,3.846,4.39,42.5054512,2.0511832,1724.00,9,1.18,2024-11-10T22:08:44.00+02:00
14.19,3.842,5.15,42.5054321,2.0512500,1724.40,10,1.10,2024-11-10T22:08:45.00+02:00
13.85,3.841,5.15,42.5054321,2.0512500,1724.40,10,1.10,2024-11-10T22:08:46.00+02:00
14.05,3.847,0.00,42.5054169,2.0512834,1723.70,10,1.10,2024-11-10T22:08:47.00+02:00
14.40,3.845,0.00,42.5054169,2.0512834,1723.70,10,1.10,2024-11-10T22:08:48.00+02:00
13.71,3.847,0.00,42.5054169,2.0512834,1723.60,10,1.10,2024-11-10T22:08:49.00+02:00
13.71,3.845,0.00,42.5054169,2.0512834,1723.60,10,1.10,2024-11-10T22:08:50.00+02:00
13.71,3.845,0.00,42.5054169,2.0512834,1723.60,10,1.10,2024-11-10T22:08:51.00+02:00
13.71,3.843,0.00,42.5054169,2.0512834,1723.60,10,1.10,2024-11-10T22:08:52.00+02:00
13.85,3.837,0.00,42.5054169,2.0512834,1723.60,10,1.10,2024-11-10T22:08:53.00+02:00
14.74,3.852,0.00,42.5054169,2.0512834,1723.60,10,1.10,2024-11-10T22:08:54.00+02:00
14.05,3.845,0.00,42.5054169,2.0512834,1723.60,10,1.10,2024-11-10T22:08:55.00+02:00
13.71,3.843,0.00,42.5054169,2.0512834,1723.60,10,1.10,2024-11-10T22:08:56.00+02:00
13.85,3.837,0.00,42.5054169,2.0512834,1723.60,10,1.10,2024-11-10T22:08:57.00+02:00
13.71,3.845,0.00,42.5054169,2.0512834,1723.60,10,1.10,2024-11-10T22:08:58.00+02:00
14.40,3.842,0.00,42.5054169,2.0512834,1723.60,10,1.10,2024-11-10T22:08:59.00+02:00
14.40,3.837,0.00,42.5054169,2.0512834,1723.60,10,1.10,2024-11-10T22:09:00.00+02:00
14.05,3.848,0.00,42.5054169,2.0512834,1723.60,10,1.10,2024-11-10T22:09:01.00+02:00
14.05,3.850,0.00,42.5054169,2.0512834,1723.60,11,1.08,2024-11-10T22:09:02.00+02:00
14.05,3.845,0.00,42.5054169,2.0512834,1723.60,11,1.08,2024-11-10T22:09:03.00+02:00
13.85,3.842,0.00,42.5054169,2.0512834,1723.60,11,1.08,2024-11-10T22:09:04.00+02:00
14.40,3.845,0.00,42.5054016,2.0513167,1722.50,11,1.10,2024-11-10T22:09:05.00+02:00
14.19,3.841,0.00,42.5054016,2.0513167,1722.50,11,1.10,2024-11-10T22:09:06.00+02:00
14.40,3.838,0.00,42.5054016,2.0513167,1722.50,11,1.10,2024-11-10T22:09:07.00+02:00
14.05,3.848,0.00,42.5054016,2.0513167,1722.50,11,1.10,2024-11-10T22:09:08.00+02:00
14.05,3.843,3.85,42.5053825,2.0513000,1722.60,10,1.10,2024-11-10T22:09:09.00+02:00
14.40,3.843,3.85,42.5053825,2.0513000,1722.60,10,1.10,2024-11-10T22:09:10.00+02:00
14.40,3.837,3.85,42.5053825,2.0513000,1722.60,10,1.10,2024-11-10T22:09:11.00+02:00
13.85,3.846,4.30,42.5053177,2.0512667,1723.90,10,1.10,2024-11-10T22:09:12.00+02:00
13.85,3.834,5.11,42.5052986,2.0512500,1724.50,11,1.09,2024-11-10T22:09:13.00+02:00
13.71,3.847,5.11,42.5052986,2.0512500,1724.50,11,1.09,2024-11-10T22:09:14.00+02:00
13.85,3.837,3.81,42.5052681,2.0512500,1725.00,10,1.11,2024-11-10T22:09:15.00+02:00
14.05,3.837,3.81,42.5052681,2.0512500,1725.00,10,1.11,2024-11-10T22:09:16.00+02:00
14.05,3.845,3.85,42.5052490,2.0512500,1725.00,11,1.09,2024-11-10T22:09:17.00+02:00
14.40,3.843,3.85,42.5052490,2.0512500,1725.00,11,1.09,2024-11-10T22:09:18.00+02:00
13.51,3.831,4.44,42.5052338,2.0512667,1725.00,10,1.12,2024-11-10T22:09:19.00+02:00
13.85,3.841,4.44,42.5052338,2.0512667,1725.00,10,1.12,2024-11-10T22:09:20.00+02:00
13.71,3.843,4.44,42.5052338,2.0512667,1725.00,10,1.12,2024-11-10T22:09:21.00+02:00
14.40,3.843,0.00,42.5051994,2.0512667,1724.90,11,1.08,2024-11-10T22:09:22.00+02:00
13.99,3.831,4.30,42.5051994,2.0512667,1724.90,11,1.08,2024-11-10T22:09:23.00+02:00
13.36,3.843,4.30,42.5051994,2.0512667,1724.90,11,1.08,2024-11-10T22:09:24.00+02:00
14.26,3.844,4.30,42.5051994,2.0512667,1724.90,11,1.08,2024-11-10T22:09:25.00+02:00
13.85,3.841,0.00,42.5051994,2.0512667,1724.90,11,1.08,2024-11-10T22:09:26.00+02:00
14.05,3.842,0.00,42.5051994,2.0512667,1724.90,11,1.08,2024-11-10T22:09:27.00+02:00
14.40,3.837,0.00,42.5051994,2.0512667,1724.90,11,1.08,2024-11-10T22:09:28.00+02:00
13.85,3.844,0.00,42.5051994,2.0512667,1724.90,11,1.08,2024-11-10T22:09:29.00+02:00
14.40,3.843,5.78,42.5051994,2.0512667,1724.90,11,1.08,2024-11-10T22:09:30.00+02:00
13.71,3.835,5.78,42.5051994,2.0512667,1724.90,11,1.08,2024-11-10T22:09:31.00+02:00
13.51,3.841,4.09,42.5050659,2.0512333,1724.40,11,1.08,2024-11-10T22:09:32.00+02:00
13.36,3.843,4.09,42.5050659,2.0512333,1724.40,11,1.08,2024-11-10T22:09:33.00+02:00
14.26,3.846,0.00,42.5050659,2.0512333,1724.40,11,1.08,2024-11-10T22:09:34.00+02:00
13.16,3.834,0.00,42.5050659,2.0512333,1724.40,11,1.08,2024-11-10T22:09:35.00+02:00
13.51,3.834,5.89,42.5050163,2.0512333,1724.00,11,1.08,2024-11-10T22:09:36.00+02:00
13.71,3.848,4.30,42.5050011,2.0512166,1723.90,11,1.08,2024-11-10T22:09:37.00+02:00
13.85,3.841,4.30,42.5050011,2.0512166,1723.90,11,1.08,2024-11-10T22:09:38.00+02:00
13.71,3.843,4.30,42.5050011,2.0512166,1723.90,11,1.08,2024-11-10T22:09:39.00+02:00
13.71,3.842,0.00,42.5050011,2.0512166,1723.60,11,1.08,2024-11-10T22:09:40.00+02:00
13.71,3.843,0.00,42.5050011,2.0512166,1723.60,11,1.08,2024-11-10T22:09:41.00+02:00
13.71,3.843,0.00,42.5050011,2.0512166,1723.60,11,1.08,2024-11-10T22:09:42.00+02:00
13.16,3.839,0.00,42.5050011,2.0512166,1723.60,11,1.08,2024-11-10T22:09:43.00+02:00
13.71,3.843,4.89,42.5050659,2.0512333,1723.30,10,1.19,2024-11-10T22:09:44.00+02:00
13.36,3.842,4.89,42.5050659,2.0512333,1723.30,10,1.19,2024-11-10T22:09:45.00+02:00
13.71,3.843,4.89,42.5050659,2.0512333,1723.30,10,1.19,2024-11-10T22:09:46.00+02:00
13.71,3.842,5.28,42.5051003,2.0512500,1723.50,10,1.19,2024-11-10T22:09:47.00+02:00
13.71,3.835,4.28,42.5051003,2.0512500,1723.50,10,1.19,2024-11-10T22:09:48.00+02:00
13.16,3.842,4.28,42.5051003,2.0512500,1723.50,10,1.19,2024-11-10T22:09:49.00+02:00
13.71,3.830,4.11,42.5051155,2.0512500,1723.40,9,1.26,2024-11-10T22:09:50.00+02:00
13.51,3.827,4.11,42.5051155,2.0512500,1723.40,9,1.26,2024-11-10T22:09:51.00+02:00
12.68,3.840,5.04,42.5051155,2.0512500,1723.40,9,1.26,2024-11-10T22:09:52.00+02:00
13.51,3.834,5.04,42.5051155,2.0512500,1723.40,9,1.26,2024-11-10T22:09:53.00+02:00
13.51,3.834,4.15,42.5051651,2.0512166,1723.20,9,1.26,2024-11-10T22:09:54.00+02:00
13.57,3.843,4.15,42.5051651,2.0512166,1723.20,9,1.26,2024-11-10T22:09:55.00+02:00
13.36,3.842,4.15,42.5051651,2.0512166,1723.20,9,1.26,2024-11-10T22:09:56.00+02:00
13.36,3.840,3.65,42.5051842,2.0512166,1723.10,9,1.26,2024-11-10T22:09:57.00+02:00
13.36,3.842,0.00,42.5051842,2.0512166,1723.10,9,1.26,2024-11-10T22:09:58.00+02:00
13.16,3.827,0.00,42.5051842,2.0512166,1723.10,9,1.26,2024-11-10T22:09:59.00+02:00
13.36,3.842,0.00,42.5052185,2.0512166,1723.00,10,1.11,2024-11-10T22:10:00.00+02:00
13.71,3.840,0.00,42.5052185,2.0512166,1723.00,10,1.11,2024-11-10T22:10:01.00+02:00
13.36,3.842,0.00,42.5052185,2.0512166,1723.00,10,1.11,2024-11-10T22:10:02.00+02:00
12.82,3.834,0.00,42.5052185,2.0512166,1723.00,10,1.11,2024-11-10T22:10:03.00+02:00
13.57,3.846,4.15,42.5052185,2.0512166,1723.00,9,1.13,2024-11-10T22:10:04.00+02:00
13.71,3.833,4.15,42.5052185,2.0512166,1723.00,9,1.13,2024-11-10T22:10:05.00+02:00
13.71,3.843,4.15,42.5052185,2.0512166,1723.00,9,1.13,2024-11-10T22:10:06.00+02:00
13.36,3.837,4.61,42.5051155,2.0511999,1722.70,10,1.10,2024-11-10T22:10:07.00+02:00
13.02,3.835,4.63,42.5051155,2.0511999,1722.60,10,1.10,2024-11-10T22:10:08.00+02:00
13.51,3.836,4.63,42.5051155,2.0511999,1722.60,10,1.10,2024-11-10T22:10:09.00+02:00
13.16,3.836,4.63,42.5051155,2.0511999,1722.60,10,1.10,2024-11-10T22:10:10.00+02:00
13.16,3.831,5.11,42.5050659,2.0511999,1722.50,10,1.10,2024-11-10T22:10:11.00+02:00
13.36,3.840,5.04,42.5050507,2.0511999,1722.50,10,1.10,2024-11-10T22:10:12.00+02:00
13.16,3.837,5.04,42.5050507,2.0511999,1722.50,10,1.10,2024-11-10T22:10:13.00+02:00
13.51,3.836,5.04,42.5050507,2.0511999,1722.50,10,1.10,2024-11-10T22:10:14.00+02:00
13.36,3.838,4.35,42.5050163,2.0511999,1722.60,10,1.10,2024-11-10T22:10:15.00+02:00
13.36,3.827,4.35,42.5050163,2.0511999,1722.60,10,1.10,2024-11-10T22:10:16.00+02:00
13.16,3.831,5.80,42.5049820,2.0512166,1722.80,9,1.19,2024-11-10T22:10:17.00+02:00
13.16,3.831,5.80,42.5049820,2.0512166,1722.80,9,1.19,2024-11-10T22:10:18.00+02:00
13.71,3.835,4.61,42.5049667,2.0512166,1722.90,9,1.19,2024-11-10T22:10:19.00+02:00
13.51,3.832,4.61,42.5049667,2.0512166,1722.90,9,1.19,2024-11-10T22:10:20.00+02:00
13.71,3.835,6.85,42.5049324,2.0512166,1723.10,9,1.19,2024-11-10T22:10:21.00+02:00
13.51,3.832,5.65,42.5049171,2.0512333,1723.00,9,1.19,2024-11-10T22:10:22.00+02:00
13.71,3.833,5.65,42.5049171,2.0512333,1723.00,9,1.19,2024-11-10T22:10:23.00+02:00
13.51,3.829,5.65,42.5049171,2.0512333,1723.00,9,1.19,2024-11-10T22:10:24.00+02:00
13.36,3.835,5.20,42.5048676,2.0512333,1723.00,9,1.19,2024-11-10T22:10:25.00+02:00
13.71,3.833,5.20,42.5048676,2.0512333,1723.00,9,1.19,2024-11-10T22:10:26.00+02:00
13.36,3.835,5.13,42.5048332,2.0512333,1722.90,9,1.19,2024-11-10T22:10:27.00+02:00
12.82,3.829,5.13,42.5048332,2.0512333,1722.90,9,1.19,2024-11-10T22:10:28.00+02:00
13.36,3.828,4.89,42.5048180,2.0512166,1722.70,9,1.19,2024-11-10T22:10:29.00+02:00
13.36,3.833,4.89,42.5048180,2.0512166,1722.70,9,1.19,2024-11-10T22:10:30.00+02:00
13.36,3.828,5.28,42.5047836,2.0512166,1722.30,9,1.19,2024-11-10T22:10:31.00+02:00
13.36,3.832,4.87,42.5047684,2.0511999,1722.30,9,1.19,2024-11-10T22:10:32.00+02:00
13.36,3.833,4.87,42.5047684,2.0511999,1722.30,9,1.19,2024-11-10T22:10:33.00+02:00
13.16,3.829,4.87,42.5047684,2.0511999,1722.30,9,1.19,2024-11-10T22:10:34.00+02:00
13.16,3.829,5.76,42.5047340,2.0511999,1722.10,9,1.19,2024-11-10T22:10:35.00+02:00
13.36,3.835,5.76,42.5047340,2.0511999,1722.10,9,1.19,2024-11-10T22:10:36.00+02:00
13.36,3.833,4.41,42.5046997,2.0511999,1721.80,9,1.19,2024-11-10T22:10:37.00+02:00
13.71,3.833,4.41,42.5046997,2.0511999,1721.80,9,1.19,2024-11-10T22:10:38.00+02:00
13.16,3.829,3.91,42.5046844,2.0511832,1721.60,9,1.19,2024-11-10T22:10:39.00+02:00
13.16,3.827,3.91,42.5046844,2.0511832,1721.60,9,1.19,2024-11-10T22:10:40.00+02:00
13.36,3.832,0.00,42.5046654,2.0512166,1721.30,9,1.19,2024-11-10T22:10:41.00+02:00
13.36,3.832,5.72,42.5046501,2.0512166,1721.40,9,1.19,2024-11-10T22:10:42.00+02:00
13.71,3.832,5.72,42.5046501,2.0512166,1721.40,9,1.19,2024-11-10T22:10:43.00+02:00
13.71,3.832,5.07,42.5046158,2.0512166,1721.40,9,1.19,2024-11-10T22:10:44.00+02:00
13.71,3.833,5.07,42.5046158,2.0512166,1721.40,9,1.19,2024-11-10T22:10:45.00+02:00
12.82,3.821,5.07,42.5046158,2.0512166,1721.40,9,1.19,2024-11-10T22:10:46.00+02:00
13.36,3.828,5.63,42.5045815,2.0512166,1721.70,9,1.19,2024-11-10T22:10:47.00+02:00
13.51,3.827,5.63,42.5045815,2.0512166,1721.70,9,1.19,2024-11-10T22:10:48.00+02:00
13.71,3.830,5.37,42.5045509,2.0512166,1722.20,10,1.10,2024-11-10T22:10:49.00+02:00
13.36,3.832,5.37,42.5045509,2.0512166,1722.20,10,1.10,2024-11-10T22:10:50.00+02:00
13.36,3.835,4.07,42.5045509,2.0512166,1722.20,10,1.10,2024-11-10T22:10:51.00+02:00
13.02,3.837,4.07,42.5045319,2.0511999,1722.30,10,1.10,2024-11-10T22:10:52.00+02:00
13.36,3.830,5.52,42.5045319,2.0511999,1722.30,10,1.10,2024-11-10T22:10:53.00+02:00
13.02,3.838,5.52,42.5045319,2.0511999,1722.30,10,1.10,2024-11-10T22:10:54.00+02:00
13.91,3.843,4.80,42.5045013,2.0511999,1722.30,10,1.10,2024-11-10T22:10:55.00+02:00
13.02,3.837,4.80,42.5045013,2.0511999,1722.30,10,1.10,2024-11-10T22:10:56.00+02:00
13.36,3.837,5.69,42.5044670,2.0511999,1722.60,10,1.10,2024-11-10T22:10:57.00+02:00
13.36,3.837,5.69,42.5044670,2.0511999,1722.60,10,1.10,2024-11-10T22:10:58.00+02:00
13.36,3.828,6.54,42.5044327,2.0511832,1722.70,10,1.10,2024-11-10T22:10:59.00+02:00
13.16,3.832,6.54,42.5044327,2.0511832,1722.70,10,1.10,2024-11-10T22:11:00.00+02:00
13.57,3.826,6.94,42.5044327,2.0511832,1722.70,10,1.10,2024-11-10T22:11:01.00+02:00
12.82,3.821,6.91,42.5043831,2.0511668,1722.60,9,1.19,2024-11-10T22:11:02.00+02:00
13.16,3.821,6.91,42.5043831,2.0511668,1722.60,9,1.19,2024-11-10T22:11:03.00+02:00
13.30,3.820,6.91,42.5043831,2.0511668,1722.60,9,1.19,2024-11-10T22:11:04.00+02:00
13.02,3.832,6.96,42.5043831,2.0511668,1722.60,9,1.19,2024-11-10T22:11:05.00+02:00
13.02,3.837,6.96,42.5043831,2.0511668,1722.60,9,1.19,2024-11-10T22:11:06.00+02:00
13.36,3.833,5.85,42.5043182,2.0511501,1722.90,10,1.09,2024-11-10T22:11:07.00+02:00
13.16,3.832,5.85,42.5043182,2.0511501,1722.90,10,1.09,2024-11-10T22:11:08.00+02:00
13.36,3.828,5.46,42.5043182,2.0511501,1722.90,10,1.09,2024-11-10T22:11:09.00+02:00
13.02,3.838,5.46,42.5043182,2.0511501,1722.90,10,1.09,2024-11-10T22:11:10.00+02:00
13.36,3.828,4.11,42.5042839,2.0511668,1723.20,10,1.09,2024-11-10T22:11:11.00+02:00
13.51,3.826,3.98,42.5042839,2.0511668,1723.40,9,1.13,2024-11-10T22:11:12.00+02:00
13.16,3.836,3.98,42.5042839,2.0511668,1723.40,9,1.13,2024-11-10T22:11:13.00+02:00
13.36,3.832,3.98,42.5042839,2.0511668,1723.40,9,1.13,2024-11-10T22:11:14.00+02:00
13.36,3.835,4.50,42.5042343,2.0511334,1723.60,10,1.09,2024-11-10T22:11:15.00+02:00
13.57,3.833,4.50,42.5042343,2.0511334,1723.60,10,1.09,2024-11-10T22:11:16.00+02:00
13.02,3.827,6.70,42.5042343,2.0511334,1723.60,10,1.09,2024-11-10T22:11:17.00+02:00
12.82,3.832,6.70,42.5042343,2.0511334,1723.60,10,1.09,2024-11-10T22:11:18.00+02:00
12.88,3.839,4.54,42.5042343,2.0511334,1723.60,10,1.09,2024-11-10T22:11:19.00+02:00
12.82,3.824,4.54,42.5042343,2.0511334,1723.60,10,1.09,2024-11-10T22:11:20.00+02:00
13.16,3.824,4.54,42.5041504,2.0510666,1722.60,10,1.09,2024-11-10T22:11:21.00+02:00
13.16,3.831,6.07,42.5041504,2.0510666,1722.60,9,1.20,2024-11-10T22:11:22.00+02:00
13.36,3.835,6.24,42.5041504,2.0510666,1722.60,9,1.20,2024-11-10T22:11:23.00+02:00
13.02,3.832,6.24,42.5041504,2.0510666,1722.60,9,1.20,2024-11-10T22:11:24.00+02:00
13.16,3.831,7.59,42.5041008,2.0510333,1722.80,10,1.12,2024-11-10T22:11:25.00+02:00
13.02,3.835,7.59,42.5041008,2.0510333,1722.80,10,1.12,2024-11-10T22:11:26.00+02:00
12.82,3.832,6.76,42.5041008,2.0510333,1722.80,10,1.12,2024-11-10T22:11:27.00+02:00
12.82,3.832,6.76,42.5041008,2.0510333,1722.80,10,1.12,2024-11-10T22:11:28.00+02:00
13.02,3.840,5.04,42.5040665,2.0510333,1723.20,10,1.09,2024-11-10T22:11:29.00+02:00
12.82,3.837,5.04,42.5040665,2.0510333,1723.20,10,1.09,2024-11-10T22:11:30.00+02:00
13.02,3.838,5.04,42.5040665,2.0510333,1723.20,10,1.09,2024-11-10T22:11:31.00+02:00
13.02,3.838,7.74,42.5040321,2.0509834,1723.60,10,1.09,2024-11-10T22:11:32.00+02:00
13.36,3.833,7.74,42.5040169,2.0509834,1723.60,10,1.09,2024-11-10T22:11:33.00+02:00
13.02,3.835,7.74,42.5040169,2.0509834,1723.60,10,1.09,2024-11-10T22:11:34.00+02:00
12.82,3.832,7.74,42.5040169,2.0509834,1723.60,10,1.09,2024-11-10T22:11:35.00+02:00
13.36,3.835,4.98,42.5039825,2.0509501,1724.00,11,0.93,2024-11-10T22:11:36.00+02:00
12.82,3.824,6.33,42.5039673,2.0509334,1724.00,11,0.93,2024-11-10T22:11:37.00+02:00
13.36,3.835,6.33,42.5039673,2.0509334,1724.00,11,0.93,2024-11-10T22:11:38.00+02:00
12.68,3.833,6.33,42.5039673,2.0509334,1724.00,11,0.93,2024-11-10T22:11:39.00+02:00
12.47,3.824,4.28,42.5039330,2.0509000,1724.10,11,0.93,2024-11-10T22:11:40.00+02:00
13.02,3.837,4.28,42.5039330,2.0509000,1724.10,11,0.93,2024-11-10T22:11:41.00+02:00
13.36,3.832,5.44,42.5038986,2.0508666,1724.30,10,0.97,2024-11-10T22:11:42.00+02:00
13.02,3.835,4.31,42.5038986,2.0508499,1724.40,10,0.97,2024-11-10T22:11:43.00+02:00
13.02,3.820,4.81,42.5038986,2.0508499,1724.40,10,0.97,2024-11-10T22:11:44.00+02:00
13.02,3.827,4.81,42.5038986,2.0508499,1724.40,10,0.97,2024-11-10T22:11:45.00+02:00
12.82,3.829,5.78,42.5038490,2.0508332,1724.50,10,0.97,2024-11-10T22:11:46.00+02:00
13.02,3.832,4.85,42.5038490,2.0508168,1724.60,10,0.97,2024-11-10T22:11:47.00+02:00
12.82,3.834,4.85,42.5038490,2.0508168,1724.60,10,0.97,2024-11-10T22:11:48.00+02:00
13.02,3.833,4.85,42.5038490,2.0508168,1724.60,10,0.97,2024-11-10T22:11:49.00+02:00
12.68,3.832,5.15,42.5038185,2.0507834,1724.80,11,0.93,2024-11-10T22:11:50.00+02:00
13.02,3.832,5.15,42.5038185,2.0507834,1724.80,11,0.93,2024-11-10T22:11:51.00+02:00
13.02,3.837,5.17,42.5037842,2.0507500,1724.80,11,0.93,2024-11-10T22:11:52.00+02:00
13.36,3.833,6.43,42.5037651,2.0507500,1724.70,9,1.02,2024-11-10T22:11:53.00+02:00
13.02,3.833,6.43,42.5037651,2.0507500,1724.70,9,1.02,2024-11-10T22:11:54.00+02:00
12.82,3.829,6.43,42.5037651,2.0507500,1724.70,9,1.02,2024-11-10T22:11:55.00+02:00
13.02,3.832,4.57,42.5037651,2.0507500,1724.70,9,1.02,2024-11-10T22:11:56.00+02:00
13.36,3.825,4.57,42.5037346,2.0507166,1725.00,10,0.99,2024-11-10T22:11:57.00+02:00
12.68,3.823,5.07,42.5037346,2.0507166,1725.00,10,0.99,2024-11-10T22:11:58.00+02:00
12.68,3.823,5.07,42.5037346,2.0507166,1725.00,10,0.99,2024-11-10T22:11:59.00+02:00
13.02,3.823,4.54,42.5037346,2.0507166,1725.00,10,0.99,2024-11-10T22:12:00.00+02:00
12.68,3.828,4.54,42.5037346,2.0507166,1725.00,10,0.99,2024-11-10T22:12:01.00+02:00
12.68,3.832,0.00,42.5037003,2.0506666,1725.80,10,0.99,2024-11-10T22:12:02.00+02:00
13.02,3.833,0.00,42.5037003,2.0506666,1725.80,10,0.99,2024-11-10T22:12:03.00+02:00
12.82,3.827,3.76,42.5036850,2.0506501,1726.00,12,0.92,2024-11-10T22:12:04.00+02:00
13.02,3.830,3.76,42.5036850,2.0506501,1726.00,12,0.92,2024-11-10T22:12:05.00+02:00
12.82,3.829,0.00,42.5036850,2.0506501,1726.00,12,0.92,2024-11-10T22:12:06.00+02:00
13.02,3.820,0.00,42.5036850,2.0506501,1726.00,12,0.92,2024-11-10T22:12:07.00+02:00
12.47,3.826,0.00,42.5036850,2.0506501,1726.00,12,0.92,2024-11-10T22:12:08.00+02:00
12.68,3.823,0.00,42.5036850,2.0506501,1726.00,12,0.92,2024-11-10T22:12:09.00+02:00
12.82,3.821,0.00,42.5036850,2.0506501,1726.00,12,0.92,2024-11-10T22:12:10.00+02:00
13.02,3.830,0.00,42.5036850,2.0506501,1726.00,12,0.92,2024-11-10T22:12:11.00+02:00
13.02,3.830,0.00,42.5036850,2.0506501,1726.00,12,0.92,2024-11-10T22:12:12.00+02:00
13.02,3.823,0.00,42.5036850,2.0506501,1726.00,12,0.92,2024-11-10T22:12:13.00+02:00
12.33,3.835,0.00,42.5036850,2.0506501,1726.00,11,0.93,2024-11-10T22:12:14.00+02:00
13.02,3.833,0.00,42.5036850,2.0506501,1726.00,11,0.93,2024-11-10T22:12:15.00+02:00
13.02,3.823,0.00,42.5036850,2.0506501,1726.00,11,0.93,2024-11-10T22:12:16.00+02:00
13.36,3.823,0.00,42.5036850,2.0506501,1726.00,12,0.92,2024-11-10T22:12:17.00+02:00
12.68,3.828,0.00,42.5036850,2.0506501,1726.00,12,0.92,2024-11-10T22:12:18.00+02:00
13.02,3.828,0.00,42.5036850,2.0506501,1726.00,12,0.92,2024-11-10T22:12:19.00+02:00
13.02,3.830,0.00,42.5036850,2.0506501,1726.00,12,0.92,2024-11-10T22:12:20.00+02:00
12.68,3.830,4.83,42.5035820,2.0505834,1724.80,11,0.93,2024-11-10T22:12:21.00+02:00
12.82,3.821,4.94,42.5035667,2.0505834,1724.40,11,0.93,2024-11-10T22:12:22.00+02:00
13.22,3.836,4.94,42.5035667,2.0505834,1724.40,11,0.93,2024-11-10T22:12:23.00+02:00
12.53,3.838,4.94,42.5035667,2.0505834,1724.40,11,0.93,2024-11-10T22:12:24.00+02:00
12.82,3.819,4.61,42.5035324,2.0505500,1723.80,12,0.92,2024-11-10T22:12:25.00+02:00
12.82,3.831,4.61,42.5035324,2.0505500,1723.80,12,0.92,2024-11-10T22:12:26.00+02:00
13.36,3.823,5.81,42.5035019,2.0505166,1723.50,11,0.94,2024-11-10T22:12:27.00+02:00
12.68,3.825,5.81,42.5035019,2.0505166,1723.50,11,0.94,2024-11-10T22:12:28.00+02:00
13.02,3.827,7.70,42.5034828,2.0504832,1723.00,11,0.94,2024-11-10T22:12:29.00+02:00
12.47,3.822,7.70,42.5034828,2.0504832,1723.00,11,0.94,2024-11-10T22:12:30.00+02:00
12.82,3.821,5.93,42.5034828,2.0504832,1723.00,11,0.94,2024-11-10T22:12:31.00+02:00
13.16,3.821,5.93,42.5034676,2.0504334,1722.60,11,0.94,2024-11-10T22:12:32.00+02:00
13.36,3.823,6.44,42.5034676,2.0504334,1722.60,11,0.94,2024-11-10T22:12:33.00+02:00
13.36,3.818,6.44,42.5034676,2.0504334,1722.60,11,0.94,2024-11-10T22:12:34.00+02:00
12.68,3.820,6.50,42.5034676,2.0504334,1722.60,11,0.94,2024-11-10T22:12:35.00+02:00
13.02,3.828,6.50,42.5034676,2.0504334,1722.60,11,0.94,2024-11-10T22:12:36.00+02:00
12.47,3.827,7.70,42.5034180,2.0503500,1721.30,11,0.98,2024-11-10T22:12:37.00+02:00
13.16,3.817,7.70,42.5034180,2.0503500,1721.30,11,0.98,2024-11-10T22:12:38.00+02:00
13.02,3.820,4.65,42.5033989,2.0503166,1721.10,10,1.02,2024-11-10T22:12:39.00+02:00
12.68,3.830,4.65,42.5033989,2.0503166,1721.10,10,1.02,2024-11-10T22:12:40.00+02:00
13.02,3.825,8.02,42.5033989,2.0503166,1721.10,10,1.02,2024-11-10T22:12:41.00+02:00
12.68,3.822,7.59,42.5033836,2.0502667,1720.70,11,0.98,2024-11-10T22:12:42.00+02:00
13.02,3.822,7.11,42.5033836,2.0502667,1720.70,11,0.98,2024-11-10T22:12:43.00+02:00
13.02,3.818,7.11,42.5033836,2.0502667,1720.70,11,0.98,2024-11-10T22:12:44.00+02:00
13.22,3.829,7.02,42.5033836,2.0502667,1720.70,11,0.98,2024-11-10T22:12:45.00+02:00
12.68,3.832,7.02,42.5033836,2.0502667,1720.70,11,0.98,2024-11-10T22:12:46.00+02:00
13.02,3.828,6.39,42.5033340,2.0501833,1719.80,12,0.92,2024-11-10T22:12:47.00+02:00
13.02,3.828,6.39,42.5033340,2.0501833,1719.80,12,0.92,2024-11-10T22:12:48.00+02:00
12.68,3.830,3.85,42.5033340,2.0501833,1719.80,12,0.92,2024-11-10T22:12:49.00+02:00
13.36,3.833,3.85,42.5033340,2.0501833,1719.80,12,0.92,2024-11-10T22:12:50.00+02:00
12.68,3.833,5.22,42.5033150,2.0501499,1719.00,11,0.98,2024-11-10T22:12:51.00+02:00
12.82,3.832,5.17,42.5033150,2.0501332,1719.00,11,0.98,2024-11-10T22:12:52.00+02:00
12.82,3.821,6.00,42.5033150,2.0501332,1719.00,11,0.98,2024-11-10T22:12:53.00+02:00
12.47,3.826,6.00,42.5033150,2.0501332,1719.00,11,0.98,2024-11-10T22:12:54.00+02:00
13.36,3.830,6.33,42.5032845,2.0500834,1718.80,11,0.93,2024-11-10T22:12:55.00+02:00
12.47,3.826,6.33,42.5032845,2.0500834,1718.80,11,0.93,2024-11-10T22:12:56.00+02:00
13.02,3.822,6.00,42.5032654,2.0500500,1718.70,12,0.92,2024-11-10T22:12:57.00+02:00
13.02,3.833,6.00,42.5032654,2.0500500,1718.70,12,0.92,2024-11-10T22:12:58.00+02:00
13.02,3.832,5.13,42.5032654,2.0500500,1718.70,12,0.92,2024-11-10T22:12:59.00+02:00
12.68,3.827,5.13,42.5032654,2.0500500,1718.70,12,0.92,2024-11-10T22:13:00.00+02:00
12.82,3.817,5.13,42.5032501,2.0499833,1718.60,11,0.95,2024-11-10T22:13:01.00+02:00
12.82,3.826,4.91,42.5032501,2.0499833,1718.60,12,0.92,2024-11-10T22:13:02.00+02:00
12.33,3.828,4.91,42.5032501,2.0499833,1718.60,12,0.92,2024-11-10T22:13:03.00+02:00
12.47,3.826,4.91,42.5032501,2.0499833,1718.60,12,0.92,2024-11-10T22:13:04.00+02:00
12.68,3.828,4.39,42.5032349,2.0499499,1718.40,12,0.92,2024-11-10T22:13:05.00+02:00
12.47,3.821,4.39,42.5032349,2.0499499,1718.40,12,0.92,2024-11-10T22:13:06.00+02:00
13.02,3.817,6.22,42.5032158,2.0499167,1718.30,12,0.92,2024-11-10T22:13:07.00+02:00
12.68,3.815,6.22,42.5032158,2.0499167,1718.30,12,0.92,2024-11-10T22:13:08.00+02:00
12.68,3.820,6.26,42.5032005,2.0499001,1718.30,12,0.92,2024-11-10T22:13:09.00+02:00
13.02,3.828,6.26,42.5032005,2.0499001,1718.30,12,0.92,2024-11-10T22:13:10.00+02:00
13.02,3.830,6.26,42.5032005,2.0499001,1718.30,12,0.92,2024-11-10T22:13:11.00+02:00
12.47,3.821,0.00,42.5031662,2.0498667,1718.30,11,0.93,2024-11-10T22:13:12.00+02:00
12.82,3.824,4.54,42.5031662,2.0498667,1718.30,11,0.93,2024-11-10T22:13:13.00+02:00
12.68,3.823,4.54,42.5031662,2.0498667,1718.30,11,0.93,2024-11-10T22:13:14.00+02:00
13.02,3.820,4.07,42.5031509,2.0498333,1718.10,12,0.92,2024-11-10T22:13:15.00+02:00
13.02,3.830,4.07,42.5031509,2.0498333,1718.10,12,0.92,2024-11-10T22:13:16.00+02:00
12.68,3.832,4.04,42.5031509,2.0498333,1718.10,12,0.92,2024-11-10T22:13:17.00+02:00
12.68,3.822,4.04,42.5031509,2.0498333,1718.10,12,0.92,2024-11-10T22:13:18.00+02:00
12.68,3.823,4.15,42.5031166,2.0497832,1718.00,12,0.92,2024-11-10T22:13:19.00+02:00
12.47,3.814,4.15,42.5031166,2.0497832,1718.00,12,0.92,2024-11-10T22:13:20.00+02:00
13.02,3.827,4.15,42.5031166,2.0497832,1718.00,12,0.92,2024-11-10T22:13:21.00+02:00
12.33,3.827,5.57,42.5030823,2.0497000,1717.40,12,0.92,2024-11-10T22:13:22.00+02:00
13.02,3.818,5.57,42.5030823,2.0496666,1717.00,12,0.92,2024-11-10T22:13:23.00+02:00
13.02,3.832,5.57,42.5030823,2.0496666,1717.00,12,0.92,2024-11-10T22:13:24.00+02:00
12.68,3.832,5.57,42.5030823,2.0496666,1717.00,12,0.92,2024-11-10T22:13:25.00+02:00
13.02,3.822,5.00,42.5030518,2.0496166,1716.90,11,0.95,2024-11-10T22:13:26.00+02:00
12.68,3.825,0.00,42.5030518,2.0496166,1716.90,11,0.95,2024-11-10T22:13:27.00+02:00
13.02,3.815,0.00,42.5030518,2.0496166,1716.90,11,0.95,2024-11-10T22:13:28.00+02:00
12.82,3.824,7.26,42.5030174,2.0495667,1716.40,12,0.92,2024-11-10T22:13:29.00+02:00
12.47,3.824,7.26,42.5030174,2.0495667,1716.40,12,0.92,2024-11-10T22:13:30.00+02:00
12.47,3.824,7.26,42.5030174,2.0495667,1716.40,12,0.92,2024-11-10T22:13:31.00+02:00
12.33,3.820,4.98,42.5029984,2.0495334,1715.80,11,0.95,2024-11-10T22:13:32.00+02:00
13.02,3.823,4.98,42.5029831,2.0495167,1715.70,11,0.95,2024-11-10T22:13:33.00+02:00
12.68,3.827,4.98,42.5029831,2.0495167,1715.70,11,0.95,2024-11-10T22:13:34.00+02:00
12.53,3.829,4.98,42.5029831,2.0495167,1715.70,11,0.95,2024-11-10T22:13:35.00+02:00
12.68,3.830,4.59,42.5029678,2.0494666,1715.40,11,0.95,2024-11-10T22:13:36.00+02:00
12.68,3.825,6.09,42.5029678,2.0494666,1715.40,11,0.95,2024-11-10T22:13:37.00+02:00
12.13,3.822,6.09,42.5029678,2.0494666,1715.40,11,0.95,2024-11-10T22:13:38.00+02:00
13.36,3.820,5.15,42.5029335,2.0494168,1715.10,11,0.95,2024-11-10T22:13:39.00+02:00
13.02,3.817,5.11,42.5029335,2.0494168,1715.10,11,0.95,2024-11-10T22:13:40.00+02:00
12.47,3.817,5.11,42.5029335,2.0494168,1715.10,11,0.95,2024-11-10T22:13:41.00+02:00
13.02,3.820,5.20,42.5029182,2.0493834,1714.80,11,0.94,2024-11-10T22:13:42.00+02:00
13.02,3.825,5.20,42.5029182,2.0493667,1714.70,11,0.95,2024-11-10T22:13:43.00+02:00
13.02,3.825,5.20,42.5029182,2.0493667,1714.70,11,0.95,2024-11-10T22:13:44.00+02:00
12.47,3.821,5.20,42.5029182,2.0493667,1714.70,11,0.95,2024-11-10T22:13:45.00+02:00
12.47,3.822,5.17,42.5028839,2.0493166,1714.10,12,0.92,2024-11-10T22:13:46.00+02:00
13.02,3.823,4.56,42.5028648,2.0493166,1713.80,12,0.92,2024-11-10T22:13:47.00+02:00
12.68,3.825,4.56,42.5028648,2.0493166,1713.80,12,0.92,2024-11-10T22:13:48.00+02:00
13.02,3.815,4.56,42.5028648,2.0493166,1713.80,12,0.92,2024-11-10T22:13:49.00+02:00
13.02,3.820,6.35,42.5028343,2.0492666,1713.30,10,1.05,2024-11-10T22:13:50.00+02:00
13.02,3.818,6.35,42.5028343,2.0492666,1713.30,10,1.05,2024-11-10T22:13:51.00+02:00
12.68,3.818,5.59,42.5028343,2.0492334,1713.10,9,1.33,2024-11-10T22:13:52.00+02:00
12.33,3.810,5.56,42.5028152,2.0492167,1712.90,9,1.33,2024-11-10T22:13:53.00+02:00
12.47,3.816,5.56,42.5028152,2.0492167,1712.90,9,1.33,2024-11-10T22:13:54.00+02:00
12.68,3.820,5.56,42.5028152,2.0492167,1712.90,9,1.33,2024-11-10T22:13:55.00+02:00
13.02,3.817,5.56,42.5028000,2.0491667,1712.50,7,1.59,2024-11-10T22:13:56.00+02:00
12.68,3.820,3.69,42.5028000,2.0491667,1712.50,7,1.59,2024-11-10T22:13:57.00+02:00
12.68,3.817,3.69,42.5028000,2.0491667,1712.50,7,1.59,2024-11-10T22:13:58.00+02:00
12.82,3.817,0.00,42.5027847,2.0491500,1712.30,7,1.59,2024-11-10T22:13:59.00+02:00
12.47,3.819,0.00,42.5027847,2.0491500,1712.30,7,1.59,2024-11-10T22:14:00.00+02:00
13.02,3.818,0.00,42.5027847,2.0491500,1712.30,7,1.59,2024-11-10T22:14:01.00+02:00
12.68,3.817,0.00,42.5027847,2.0491500,1712.20,9,1.11,2024-11-10T22:14:02.00+02:00
13.02,3.818,0.00,42.5027847,2.0491500,1712.20,9,1.11,2024-11-10T22:14:03.00+02:00
12.68,3.822,0.00,42.5027847,2.0491500,1712.20,9,1.11,2024-11-10T22:14:04.00+02:00
12.47,3.819,0.00,42.5027847,2.0491500,1712.20,9,1.11,2024-11-10T22:14:05.00+02:00
12.61,3.816,0.00,42.5027847,2.0491500,1712.20,9,1.11,2024-11-10T22:14:06.00+02:00
12.68,3.812,0.00,42.5027847,2.0491500,1712.20,8,1.13,2024-11-10T22:14:07.00+02:00
12.47,3.814,0.00,42.5027847,2.0491500,1712.20,8,1.13,2024-11-10T22:14:08.00+02:00
12.68,3.815,0.00,42.5027847,2.0491500,1712.20,8,1.13,2024-11-10T22:14:09.00+02:00
12.68,3.818,0.00,42.5027847,2.0491500,1712.20,8,1.13,2024-11-10T22:14:10.00+02:00
13.02,3.817,7.20,42.5028648,2.0491500,1712.00,8,1.13,2024-11-10T22:14:11.00+02:00
13.02,3.818,4.22,42.5028839,2.0491500,1712.00,8,1.13,2024-11-10T22:14:12.00+02:00
12.33,3.817,4.22,42.5028839,2.0491500,1712.00,8,1.13,2024-11-10T22:14:13.00+02:00
13.02,3.817,4.22,42.5028839,2.0491500,1712.00,8,1.13,2024-11-10T22:14:14.00+02:00
13.36,3.822,9.39,42.5028839,2.0491500,1712.00,8,1.13,2024-11-10T22:14:15.00+02:00
12.47,3.814,9.39,42.5028839,2.0491500,1712.00,8,1.13,2024-11-10T22:14:16.00+02:00
12.82,3.816,13.07,42.5027847,2.0489166,1711.20,7,1.21,2024-11-10T22:14:17.00+02:00
13.02,3.822,13.07,42.5027847,2.0489166,1711.20,7,1.21,2024-11-10T22:14:18.00+02:00
12.68,3.817,33.43,42.5026512,2.0487499,1710.60,10,0.99,2024-11-10T22:14:19.00+02:00
12.47,3.819,33.43,42.5026512,2.0487499,1710.60,10,0.99,2024-11-10T22:14:20.00+02:00
12.47,3.816,31.57,42.5026512,2.0487499,1710.60,10,0.99,2024-11-10T22:14:21.00+02:00
12.68,3.822,31.57,42.5023842,2.0485168,1709.50,10,1.00,2024-11-10T22:14:22.00+02:00
12.47,3.816,39.04,42.5023842,2.0485168,1709.50,10,1.00,2024-11-10T22:14:23.00+02:00
13.02,3.817,39.04,42.5023842,2.0485168,1709.50,10,1.00,2024-11-10T22:14:24.00+02:00
12.68,3.818,40.80,42.5023842,2.0485168,1709.50,10,1.00,2024-11-10T22:14:25.00+02:00
12.82,3.814,40.80,42.5023842,2.0485168,1709.50,10,1.00,2024-11-10T22:14:26.00+02:00
12.68,3.817,41.22,42.5019493,2.0481167,1708.30,9,1.09,2024-11-10T22:14:27.00+02:00
12.47,3.816,41.22,42.5019493,2.0481167,1708.30,9,1.09,2024-11-10T22:14:28.00+02:00
12.82,3.814,29.06,42.5018501,2.0480165,1707.80,9,1.09,2024-11-10T22:14:29.00+02:00
13.02,3.810,29.06,42.5018501,2.0480165,1707.80,9,1.09,2024-11-10T22:14:30.00+02:00
12.82,3.806,23.83,42.5018501,2.0480165,1707.80,9,1.09,2024-11-10T22:14:31.00+02:00
12.82,3.814,23.83,42.5017815,2.0479333,1707.30,10,1.12,2024-11-10T22:14:32.00+02:00
13.02,3.813,8.24,42.5017815,2.0479333,1707.30,10,1.12,2024-11-10T22:14:33.00+02:00
13.02,3.810,8.24,42.5017815,2.0479333,1707.30,10,1.12,2024-11-10T22:14:34.00+02:00
12.82,3.809,5.13,42.5017815,2.0480165,1706.50,11,0.99,2024-11-10T22:14:35.00+02:00
12.82,3.812,5.13,42.5017815,2.0480165,1706.50,11,0.99,2024-11-10T22:14:36.00+02:00
13.02,3.813,3.93,42.5018654,2.0481000,1706.20,10,0.99,2024-11-10T22:14:37.00+02:00
13.02,3.817,13.31,42.5019341,2.0481501,1706.00,9,1.11,2024-11-10T22:14:38.00+02:00
12.82,3.807,13.31,42.5019341,2.0481501,1706.00,9,1.11,2024-11-10T22:14:39.00+02:00
12.82,3.806,13.31,42.5019341,2.0481501,1706.00,9,1.11,2024-11-10T22:14:40.00+02:00
12.47,3.804,38.41,42.5019341,2.0481501,1706.00,9,1.11,2024-11-10T22:14:41.00+02:00
12.82,3.806,38.41,42.5023651,2.0485666,1705.90,11,0.95,2024-11-10T22:14:42.00+02:00
12.68,3.818,45.48,42.5023651,2.0485666,1705.90,11,0.95,2024-11-10T22:14:43.00+02:00
12.68,3.817,45.48,42.5023651,2.0485666,1705.90,11,0.95,2024-11-10T22:14:44.00+02:00
13.36,3.817,45.35,42.5023651,2.0485666,1705.90,11,0.95,2024-11-10T22:14:45.00+02:00
13.22,3.823,45.35,42.5023651,2.0485666,1705.90,11,0.95,2024-11-10T22:14:46.00+02:00
12.68,3.820,45.02,42.5028000,2.0490832,1706.60,12,0.91,2024-11-10T22:14:47.00+02:00
12.68,3.817,45.02,42.5028000,2.0490832,1706.60,12,0.91,2024-11-10T22:14:48.00+02:00
13.02,3.813,39.00,42.5028992,2.0492334,1707.00,12,0.91,2024-11-10T22:14:49.00+02:00
13.02,3.815,39.00,42.5028992,2.0492334,1707.00,12,0.91,2024-11-10T22:14:50.00+02:00
13.02,3.812,30.54,42.5028992,2.0492334,1707.00,12,0.91,2024-11-10T22:14:51.00+02:00
12.82,3.806,30.54,42.5029335,2.0492334,1707.20,10,0.98,2024-11-10T22:14:52.00+02:00
13.02,3.808,11.65,42.5029335,2.0492334,1707.20,10,0.98,2024-11-10T22:14:53.00+02:00
12.68,3.817,11.65,42.5029335,2.0492334,1707.20,10,0.98,2024-11-10T22:14:54.00+02:00
12.82,3.812,16.28,42.5029335,2.0492334,1707.20,10,0.98,2024-11-10T22:14:55.00+02:00
12.68,3.813,16.28,42.5029335,2.0492334,1707.20,10,0.98,2024-11-10T22:14:56.00+02:00
12.82,3.817,15.44,42.5027657,2.0490167,1706.40,8,1.35,2024-11-10T22:14:57.00+02:00
12.47,3.816,15.44,42.5027657,2.0490167,1706.40,8,1.35,2024-11-10T22:14:58.00+02:00
12.53,3.819,5.74,42.5027657,2.0489833,1705.90,8,1.35,2024-11-10T22:14:59.00+02:00
13.02,3.815,5.74,42.5027657,2.0489833,1705.90,8,1.35,2024-11-10T22:15:00.00+02:00
12.68,3.818,6.94,42.5027657,2.0489166,1705.70,7,1.44,2024-11-10T22:15:01.00+02:00
13.22,3.819,8.69,42.5027657,2.0488667,1705.70,8,1.18,2024-11-10T22:15:02.00+02:00
13.16,3.811,8.69,42.5027657,2.0488667,1705.70,8,1.18,2024-11-10T22:15:03.00+02:00
13.02,3.817,8.69,42.5027657,2.0488667,1705.70,8,1.18,2024-11-10T22:15:04.00+02:00
12.47,3.807,10.28,42.5027504,2.0487499,1705.50,9,1.06,2024-11-10T22:15:05.00+02:00
12.47,3.807,10.28,42.5027504,2.0487499,1705.50,9,1.06,2024-11-10T22:15:06.00+02:00
13.02,3.812,10.09,42.5027008,2.0487332,1705.60,9,1.04,2024-11-10T22:15:07.00+02:00
12.82,3.807,10.09,42.5026665,2.0487499,1705.60,9,1.03,2024-11-10T22:15:08.00+02:00
13.16,3.806,10.09,42.5026665,2.0487499,1705.60,9,1.03,2024-11-10T22:15:09.00+02:00
12.68,3.810,10.09,42.5026665,2.0487499,1705.60,9,1.03,2024-11-10T22:15:10.00+02:00
13.02,3.812,0.00,42.5026321,2.0487332,1706.30,10,0.99,2024-11-10T22:15:11.00+02:00
13.02,3.812,0.00,42.5026321,2.0487332,1706.30,10,0.99,2024-11-10T22:15:12.00+02:00
13.36,3.813,0.00,42.5026321,2.0487332,1706.30,10,0.99,2024-11-10T22:15:13.00+02:00
13.02,3.815,0.00,42.5026321,2.0487332,1706.30,10,0.99,2024-11-10T22:15:14.00+02:00
12.68,3.818,0.00,42.5026321,2.0487332,1706.30,10,0.99,2024-11-10T22:15:15.00+02:00
13.36,3.817,0.00,42.5026321,2.0487332,1706.30,10,0.99,2024-11-10T22:15:16.00+02:00
13.02,3.817,0.00,42.5026321,2.0487332,1706.30,11,0.93,2024-11-10T22:15:17.00+02:00
13.02,3.817,0.00,42.5026321,2.0487332,1706.30,11,0.93,2024-11-10T22:15:18.00+02:00
13.02,3.818,0.00,42.5026321,2.0487332,1706.30,11,0.93,2024-11-10T22:15:19.00+02:00
12.13,3.806,0.00,42.5026321,2.0487332,1706.30,11,0.93,2024-11-10T22:15:20.00+02:00
13.02,3.817,0.00,42.5026321,2.0487332,1706.30,11,0.93,2024-11-10T22:15:21.00+02:00
13.36,3.815,0.00,42.5026321,2.0487332,1706.30,11,0.93,2024-11-10T22:15:22.00+02:00
13.36,3.818,0.00,42.5026321,2.0487332,1706.30,11,0.93,2024-11-10T22:15:23.00+02:00
13.36,3.818,5.50,42.5026169,2.0488334,1706.50,10,0.96,2024-11-10T22:15:24.00+02:00
13.36,3.817,5.50,42.5026169,2.0488334,1706.50,10,0.96,2024-11-10T22:15:25.00+02:00
12.68,3.817,5.50,42.5026169,2.0488334,1706.50,10,0.96,2024-11-10T22:15:26.00+02:00
13.02,3.807,0.00,42.5026169,2.0488000,1706.30,11,0.97,2024-11-10T22:15:27.00+02:00
13.22,3.824,0.00,42.5026169,2.0488000,1706.30,11,0.97,2024-11-10T22:15:28.00+02:00
13.02,3.822,0.00,42.5026169,2.0488000,1706.30,11,0.97,2024-11-10T22:15:29.00+02:00
12.68,3.817,0.00,42.5026169,2.0487833,1706.70,12,0.91,2024-11-10T22:15:30.00+02:00
13.36,3.817,0.00,42.5026169,2.0487833,1706.70,12,0.91,2024-11-10T22:15:31.00+02:00
13.36,3.817,0.00,42.5026169,2.0487833,1706.70,12,0.91,2024-11-10T22:15:32.00+02:00
13.36,3.817,0.00,42.5026169,2.0487833,1706.70,12,0.91,2024-11-10T22:15:33.00+02:00
13.02,3.817,6.33,42.5026169,2.0488167,1706.20,12,0.91,2024-11-10T22:15:34.00+02:00
13.02,3.817,6.33,42.5026169,2.0488167,1706.20,12,0.91,2024-11-10T22:15:35.00+02:00
13.36,3.810,6.33,42.5026169,2.0488167,1706.20,12,0.91,2024-11-10T22:15:36.00+02:00
13.02,3.820,7.31,42.5026321,2.0488834,1705.10,12,0.91,2024-11-10T22:15:37.00+02:00
13.02,3.817,4.72,42.5026321,2.0488834,1705.10,12,0.91,2024-11-10T22:15:38.00+02:00
12.82,3.814,4.72,42.5026321,2.0488834,1705.10,12,0.91,2024-11-10T22:15:39.00+02:00
13.02,3.817,3.76,42.5026512,2.0488999,1704.60,12,0.91,2024-11-10T22:15:40.00+02:00
13.16,3.812,3.76,42.5026512,2.0488999,1704.60,12,0.91,2024-11-10T22:15:41.00+02:00
13.02,3.810,0.00,42.5026512,2.0488999,1704.60,12,0.91,2024-11-10T22:15:42.00+02:00
13.57,3.812,0.00,42.5026512,2.0488999,1704.60,12,0.91,2024-11-10T22:15:43.00+02:00
12.68,3.817,0.00,42.5026321,2.0488834,1703.40,12,0.91,2024-11-10T22:15:44.00+02:00
13.02,3.815,0.00,42.5026321,2.0488834,1703.40,12,0.91,2024-11-10T22:15:45.00+02:00
13.36,3.813,0.00,42.5026321,2.0488834,1703.40,12,0.91,2024-11-10T22:15:46.00+02:00
13.02,3.810,6.63,42.5026512,2.0489333,1703.40,12,0.91,2024-11-10T22:15:47.00+02:00
13.02,3.808,6.69,42.5026512,2.0489333,1703.40,12,0.91,2024-11-10T22:15:48.00+02:00
13.36,3.808,6.69,42.5026512,2.0489333,1703.40,12,0.91,2024-11-10T22:15:49.00+02:00
13.36,3.807,6.83,42.5026512,2.0490000,1702.90,12,0.91,2024-11-10T22:15:50.00+02:00
13.36,3.815,6.83,42.5026512,2.0490000,1702.90,12,0.91,2024-11-10T22:15:51.00+02:00
13.36,3.817,7.83,42.5026512,2.0490000,1702.90,12,0.91,2024-11-10T22:15:52.00+02:00
13.36,3.815,7.83,42.5026512,2.0490000,1702.90,12,0.91,2024-11-10T22:15:53.00+02:00
12.68,3.815,10.43,42.5025482,2.0490668,1702.10,12,0.91,2024-11-10T22:15:54.00+02:00
13.02,3.815,10.43,42.5025482,2.0490668,1702.10,12,0.91,2024-11-10T22:15:55.00+02:00
13.16,3.812,10.43,42.5025482,2.0490668,1702.10,12,0.91,2024-11-10T22:15:56.00+02:00
13.36,3.815,14.00,42.5024490,2.0491500,1700.70,12,0.91,2024-11-10T22:15:57.00+02:00
13.57,3.818,10.87,42.5024490,2.0491500,1700.70,12,0.91,2024-11-10T22:15:58.00+02:00
13.02,3.815,10.87,42.5024490,2.0491500,1700.70,12,0.91,2024-11-10T22:15:59.00+02:00
13.02,3.807,10.87,42.5024490,2.0491500,1700.70,12,0.91,2024-11-10T22:16:00.00+02:00
13.02,3.803,9.39,42.5023994,2.0492499,1700.00,12,0.91,2024-11-10T22:16:01.00+02:00
13.36,3.813,10.96,42.5023994,2.0492499,1700.00,12,0.91,2024-11-10T22:16:02.00+02:00
13.36,3.815,10.96,42.5023994,2.0492499,1700.00,12,0.91,2024-11-10T22:16:03.00+02:00
12.68,3.813,13.94,42.5023994,2.0494001,1699.40,11,0.94,2024-11-10T22:16:04.00+02:00
13.36,3.815,13.94,42.5023994,2.0494001,1699.40,11,0.94,2024-11-10T22:16:05.00+02:00
13.02,3.813,13.94,42.5023994,2.0494001,1699.40,11,0.94,2024-11-10T22:16:06.00+02:00
13.36,3.813,9.24,42.5023994,2.0495167,1698.40,11,0.94,2024-11-10T22:16:07.00+02:00
13.36,3.812,9.24,42.5023994,2.0495334,1698.00,11,1.07,2024-11-10T22:16:08.00+02:00
13.36,3.812,9.24,42.5023994,2.0495334,1698.00,11,1.07,2024-11-10T22:16:09.00+02:00
13.36,3.810,9.24,42.5023994,2.0495334,1698.00,11,1.07,2024-11-10T22:16:10.00+02:00
13.71,3.810,6.61,42.5024185,2.0495999,1696.30,11,1.07,2024-11-10T22:16:11.00+02:00
13.02,3.808,7.30,42.5024185,2.0495999,1696.30,11,1.07,2024-11-10T22:16:12.00+02:00
13.16,3.807,7.30,42.5024185,2.0495999,1696.30,11,1.07,2024-11-10T22:16:13.00+02:00
13.71,3.805,5.09,42.5023994,2.0496500,1695.20,9,1.15,2024-11-10T22:16:14.00+02:00
13.36,3.812,5.09,42.5023994,2.0496500,1695.20,9,1.15,2024-11-10T22:16:15.00+02:00
13.51,3.806,5.09,42.5023651,2.0496833,1694.40,9,1.15,2024-11-10T22:16:16.00+02:00
13.36,3.808,7.54,42.5023651,2.0497000,1694.10,9,1.15,2024-11-10T22:16:17.00+02:00
13.16,3.806,6.17,42.5023651,2.0497000,1694.10,9,1.15,2024-11-10T22:16:18.00+02:00
13.57,3.811,6.17,42.5023651,2.0497000,1694.10,9,1.15,2024-11-10T22:16:19.00+02:00
13.02,3.810,7.69,42.5023155,2.0497334,1693.40,9,1.15,2024-11-10T22:16:20.00+02:00
13.16,3.804,7.69,42.5023155,2.0497334,1693.40,9,1.15,2024-11-10T22:16:21.00+02:00
13.36,3.807,5.98,42.5023003,2.0497668,1692.80,8,1.63,2024-11-10T22:16:22.00+02:00
13.36,3.807,5.98,42.5023003,2.0497668,1692.80,8,1.63,2024-11-10T22:16:23.00+02:00
13.36,3.805,4.37,42.5023003,2.0497668,1692.80,8,1.63,2024-11-10T22:16:24.00+02:00
13.71,3.808,4.37,42.5023003,2.0497668,1692.80,8,1.63,2024-11-10T22:16:25.00+02:00
13.36,3.808,4.37,42.5023003,2.0497668,1691.40,9,1.19,2024-11-10T22:16:26.00+02:00
13.36,3.812,0.00,42.5023003,2.0497501,1691.20,9,1.19,2024-11-10T22:16:27.00+02:00
13.51,3.804,0.00,42.5023003,2.0497501,1691.20,9,1.19,2024-11-10T22:16:28.00+02:00
13.51,3.806,0.00,42.5023003,2.0497501,1691.20,9,1.19,2024-11-10T22:16:29.00+02:00
13.36,3.812,0.00,42.5023003,2.0497501,1691.20,9,1.19,2024-11-10T22:16:30.00+02:00
13.71,3.803,0.00,42.5023003,2.0497501,1691.20,9,1.19,2024-11-10T22:16:31.00+02:00
13.51,3.804,0.00,42.5023003,2.0497501,1691.20,10,1.01,2024-11-10T22:16:32.00+02:00
13.91,3.811,0.00,42.5023003,2.0497501,1691.20,10,1.01,2024-11-10T22:16:33.00+02:00
13.71,3.807,0.00,42.5023003,2.0497501,1691.20,10,1.01,2024-11-10T22:16:34.00+02:00
13.71,3.807,0.00,42.5023003,2.0497501,1691.20,10,1.01,2024-11-10T22:16:35.00+02:00
13.51,3.804,0.00,42.5023003,2.0497501,1691.20,10,1.16,2024-11-10T22:16:36.00+02:00
13.57,3.807,0.41,42.5023842,2.0496666,1689.30,10,1.16,2024-11-10T22:16:37.00+02:00
13.51,3.807,0.41,42.5023842,2.0496666,1689.30,10,1.16,2024-11-10T22:16:38.00+02:00
13.36,3.807,0.41,42.5023842,2.0496666,1689.30,10,1.16,2024-11-10T22:16:39.00+02:00
13.36,3.803,0.00,42.5023842,2.0496666,1689.30,10,1.16,2024-11-10T22:16:40.00+02:00
13.71,3.803,0.00,42.5023842,2.0496666,1689.30,10,1.16,2024-11-10T22:16:41.00+02:00
13.36,3.800,6.50,42.5023346,2.0495334,1687.60,10,1.02,2024-11-10T22:16:42.00+02:00
13.71,3.803,6.50,42.5023346,2.0495334,1687.60,10,1.02,2024-11-10T22:16:43.00+02:00
13.71,3.798,4.65,42.5023003,2.0495167,1687.20,8,1.29,2024-11-10T22:16:44.00+02:00
13.51,3.801,4.65,42.5023003,2.0495167,1687.20,8,1.29,2024-11-10T22:16:45.00+02:00
13.16,3.799,0.00,42.5023003,2.0495167,1687.20,8,1.29,2024-11-10T22:16:46.00+02:00
13.51,3.801,0.00,42.5022850,2.0495167,1686.90,6,1.81,2024-11-10T22:16:47.00+02:00
14.05,3.803,0.00,42.5022850,2.0495167,1686.90,6,1.81,2024-11-10T22:16:48.00+02:00
13.51,3.806,0.00,42.5022850,2.0495167,1686.90,7,1.57,2024-11-10T22:16:49.00+02:00
13.71,3.803,0.00,42.5022850,2.0495167,1686.90,7,1.57,2024-11-10T22:16:50.00+02:00
13.85,3.794,0.00,42.5022850,2.0495167,1686.90,7,1.57,2024-11-10T22:16:51.00+02:00
13.51,3.799,0.00,42.5022850,2.0495167,1686.90,8,1.51,2024-11-10T22:16:52.00+02:00
13.71,3.802,0.00,42.5022850,2.0495167,1686.90,8,1.51,2024-11-10T22:16:53.00+02:00
13.71,3.802,0.00,42.5022850,2.0495167,1686.90,8,1.51,2024-11-10T22:16:54.00+02:00
13.71,3.807,0.00,42.5022850,2.0495167,1686.90,8,1.51,2024-11-10T22:16:55.00+02:00
13.51,3.804,0.00,42.5022850,2.0495167,1686.90,8,1.51,2024-11-10T22:16:56.00+02:00
13.71,3.803,0.00,42.5022850,2.0495167,1686.90,8,1.51,2024-11-10T22:16:57.00+02:00
13.51,3.804,0.00,42.5022850,2.0495167,1686.90,8,1.51,2024-11-10T22:16:58.00+02:00
13.51,3.801,0.00,42.5022850,2.0495167,1686.90,8,1.51,2024-11-10T22:16:59.00+02:00
13.71,3.803,0.00,42.5022850,2.0495167,1686.90,8,1.51,2024-11-10T22:17:00.00+02:00
13.51,3.799,0.00,42.5022850,2.0495167,1686.90,6,2.13,2024-11-10T22:17:01.00+02:00
13.16,3.801,0.00,42.5022850,2.0495167,1686.90,5,7.37,2024-11-10T22:17:02.00+02:00
13.85,3.801,0.00,42.5022850,2.0495167,1686.90,5,7.37,2024-11-10T22:17:03.00+02:00
13.51,3.801,0.00,42.5022850,2.0495167,1686.90,5,7.37,2024-11-10T22:17:04.00+02:00
13.71,3.805,0.00,42.5022850,2.0495167,1686.90,5,7.37,2024-11-10T22:17:05.00+02:00
13.71,3.803,0.00,42.5022850,2.0495167,1686.90,5,7.37,2024-11-10T22:17:06.00+02:00
13.71,3.802,0.00,42.5022850,2.0495167,1686.90,5,7.37,2024-11-10T22:17:07.00+02:00
13.71,3.802,0.00,42.5022850,2.0495167,1686.90,5,7.37,2024-11-10T22:17:08.00+02:00
14.05,3.803,0.00,42.5022850,2.0495167,1686.90,5,7.37,2024-11-10T22:17:09.00+02:00
13.71,3.802,0.00,42.5022850,2.0495167,1686.90,5,7.37,2024-11-10T22:17:10.00+02:00
13.85,3.801,0.00,42.5022850,2.0495167,1686.90,5,7.37,2024-11-10T22:17:11.00+02:00
14.05,3.803,0.00,42.5022850,2.0495167,1686.90,5,7.37,2024-11-10T22:17:12.00+02:00
13.71,3.802,0.00,42.5022850,2.0495167,1686.90,5,7.37,2024-11-10T22:17:13.00+02:00
13.51,3.802,0.00,42.5022850,2.0495167,1686.90,5,7.37,2024-11-10T22:17:14.00+02:00
14.74,3.803,0.00,42.5022850,2.0495167,1686.90,5,7.37,2024-11-10T22:17:15.00+02:00
13.85,3.801,0.00,42.5022850,2.0495167,1686.90,5,7.37,2024-11-10T22:17:16.00+02:00
13.85,3.801,0.00,42.5022850,2.0495167,1686.90,5,7.37,2024-11-10T22:17:17.00+02:00
13.85,3.801,0.00,42.5022850,2.0495167,1686.90,5,7.37,2024-11-10T22:17:18.00+02:00
13.71,3.802,0.00,42.5022850,2.0495167,1686.90,5,7.37,2024-11-10T22:17:19.00+02:00
13.51,3.799,0.00,42.5022850,2.0495167,1686.90,5,7.37,2024-11-10T22:17:20.00+02:00
13.71,3.803,0.00,42.5022850,2.0495167,1686.90,5,7.37,2024-11-10T22:17:21.00+02:00
13.85,3.799,0.00,42.5022850,2.0495167,1686.90,5,7.37,2024-11-10T22:17:22.00+02:00
13.85,3.801,0.00,42.5022850,2.0495167,1686.90,5,7.37,2024-11-10T22:17:23.00+02:00
14.40,3.803,0.00,42.5022850,2.0495167,1686.90,5,7.37,2024-11-10T22:17:24.00+02:00
13.51,3.799,0.00,42.5022850,2.0495167,1686.90,5,7.37,2024-11-10T22:17:25.00+02:00
13.51,3.797,0.00,42.5022850,2.0495167,1686.90,5,7.37,2024-11-10T22:17:26.00+02:00
13.71,3.803,0.00,42.5022850,2.0495167,1686.90,5,7.37,2024-11-10T22:17:27.00+02:00
13.51,3.799,0.00,42.5022850,2.0495167,1686.90,5,7.37,2024-11-10T22:17:28.00+02:00
13.51,3.801,0.00,42.5022850,2.0495167,1686.90,5,7.37,2024-11-10T22:17:29.00+02:00
13.85,3.799,0.00,42.5022850,2.0495167,1686.90,5,7.37,2024-11-10T22:17:30.00+02:00
13.85,3.796,0.00,42.5022850,2.0495167,1686.90,5,7.37,2024-11-10T22:17:31.00+02:00
13.85,3.799,0.00,42.5022850,2.0495167,1686.90,5,7.37,2024-11-10T22:17:32.00+02:00
13.71,3.803,0.00,42.5022850,2.0495167,1686.90,5,7.37,2024-11-10T22:17:33.00+02:00
13.51,3.802,0.00,42.5022850,2.0495167,1686.90,5,7.37,2024-11-10T22:17:34.00+02:00
13.71,3.803,0.00,42.5022850,2.0495167,1686.90,5,7.37,2024-11-10T22:17:35.00+02:00
13.85,3.801,0.00,42.5022850,2.0495167,1686.90,5,7.37,2024-11-10T22:17:36.00+02:00
14.05,3.802,0.00,42.5022850,2.0495167,1686.90,5,7.37,2024-11-10T22:17:37.00+02:00
13.71,3.802,0.00,42.5022850,2.0495167,1686.90,5,7.37,2024-11-10T22:17:38.00+02:00
13.71,3.802,0.00,42.5022850,2.0495167,1686.90,5,7.37,2024-11-10T22:17:39.00+02:00
13.85,3.801,0.00,42.5022850,2.0495167,1686.90,5,7.37,2024-11-10T22:17:40.00+02:00
14.05,3.802,0.00,42.5022850,2.0495167,1686.90,5,7.37,2024-11-10T22:17:41.00+02:00
13.85,3.799,0.00,42.5022850,2.0495167,1686.90,5,7.37,2024-11-10T22:17:42.00+02:00
13.85,3.801,0.00,42.5022850,2.0495167,1686.90,5,7.37,2024-11-10T22:17:43.00+02:00
13.51,3.796,0.00,42.5022850,2.0495167,1686.90,5,7.37,2024-11-10T22:17:44.00+02:00
14.05,3.803,0.00,42.5022850,2.0495167,1686.90,5,7.37,2024-11-10T22:17:45.00+02:00
14.05,3.802,0.00,42.5022850,2.0495167,1686.90,5,7.37,2024-11-10T22:17:46.00+02:00
14.19,3.799,0.00,42.5022850,2.0495167,1686.90,5,7.37,2024-11-10T22:17:47.00+02:00
14.05,3.803,0.00,42.5022850,2.0495167,1686.90,5,7.37,2024-11-10T22:17:48.00+02:00
14.05,3.803,0.00,42.5022850,2.0495167,1686.90,5,7.37,2024-11-10T22:17:49.00+02:00
14.05,3.802,0.00,42.5022850,2.0495167,1686.90,5,7.37,2024-11-10T22:17:50.00+02:00
14.40,3.807,0.00,42.5022850,2.0495167,1686.90,5,7.37,2024-11-10T22:17:51.00+02:00
13.85,3.799,0.00,42.5022850,2.0495167,1686.90,5,7.37,2024-11-10T22:17:52.00+02:00
14.40,3.802,0.00,42.5022850,2.0495167,1686.90,5,7.37,2024-11-10T22:17:53.00+02:00
14.40,3.800,0.00,42.5022850,2.0495167,1686.90,5,7.37,2024-11-10T22:17:54.00+02:00
14.05,3.802,0.00,42.5022850,2.0495167,1686.90,5,7.37,2024-11-10T22:17:55.00+02:00
13.85,3.799,0.00,42.5022850,2.0495167,1686.90,5,7.37,2024-11-10T22:17:56.00+02:00
14.05,3.802,0.00,42.5022850,2.0495167,1686.90,5,7.37,2024-11-10T22:17:57.00+02:00
13.51,3.799,0.00,42.5022850,2.0495167,1686.90,5,7.37,2024-11-10T22:17:58.00+02:00
13.51,3.797,0.00,42.5022850,2.0495167,1686.90,5,7.37,2024-11-10T22:17:59.00+02:00
14.74,3.803,0.00,42.5022850,2.0495167,1686.90,5,7.37,2024-11-10T22:18:00.00+02:00
14.19,3.797,0.00,42.5022850,2.0495167,1686.90,5,7.37,2024-11-10T22:18:01.00+02:00
13.85,3.804,0.00,42.5022850,2.0495167,1686.90,5,7.37,2024-11-10T22:18:02.00+02:00
14.05,3.802,0.00,42.5022850,2.0495167,1686.90,5,7.37,2024-11-10T22:18:03.00+02:00
14.40,3.802,0.00,42.5022850,2.0495167,1686.90,5,7.37,2024-11-10T22:18:04.00+02:00
14.19,3.799,0.00,42.5022850,2.0495167,1686.90,5,7.37,2024-11-10T22:18:05.00+02:00
14.40,3.796,0.00,42.5022850,2.0495167,1686.90,5,7.37,2024-11-10T22:18:06.00+02:00
14.19,3.799,0.00,42.5022850,2.0495167,1686.90,5,7.37,2024-11-10T22:18:07.00+02:00
14.19,3.799,0.00,42.5022850,2.0495167,1686.90,5,7.37,2024-11-10T22:18:08.00+02:00
14.74,3.803,0.00,42.5022850,2.0495167,1686.90,5,7.37,2024-11-10T22:18:09.00+02:00
14.74,3.803,0.00,42.5022850,2.0495167,1686.90,5,7.37,2024-11-10T22:18:10.00+02:00
14.19,3.799,0.00,42.5022850,2.0495167,1686.90,5,7.37,2024-11-10T22:18:11.00+02:00
14.05,3.802,0.00,42.5022850,2.0495167,1686.90,5,7.37,2024-11-10T22:18:12.00+02:00
14.40,3.805,0.00,42.5022850,2.0495167,1686.90,5,7.37,2024-11-10T22:18:13.00+02:00
14.40,3.803,0.00,42.5022850,2.0495167,1686.90,5,7.37,2024-11-10T22:18:14.00+02:00
13.85,3.799,0.00,42.5022850,2.0495167,1686.90,5,7.37,2024-11-10T22:18:15.00+02:00
14.40,3.802,0.00,42.5022850,2.0495167,1686.90,5,7.37,2024-11-10T22:18:16.00+02:00
14.40,3.800,0.00,42.5022850,2.0495167,1686.90,5,7.37,2024-11-10T22:18:17.00+02:00
14.40,3.802,0.00,42.5022850,2.0495167,1686.90,5,7.37,2024-11-10T22:18:18.00+02:00
14.05,3.800,0.00,42.5022850,2.0495167,1686.90,5,7.37,2024-11-10T22:18:19.00+02:00
14.40,3.802,0.00,42.5022850,2.0495167,1686.90,5,7.37,2024-11-10T22:18:20.00+02:00
14.19,3.799,0.00,42.5022850,2.0495167,1686.90,5,7.37,2024-11-10T22:18:21.00+02:00
14.19,3.799,0.00,42.5022850,2.0495167,1686.90,5,7.37,2024-11-10T22:18:22.00+02:00
14.54,3.797,0.00,42.5022850,2.0495167,1686.90,5,7.37,2024-11-10T22:18:23.00+02:00
14.05,3.805,0.00,42.5022850,2.0495167,1686.90,5,7.37,2024-11-10T22:18:24.00+02:00
14.74,3.802,0.00,42.5022850,2.0495167,1686.90,5,7.37,2024-11-10T22:18:25.00+02:00
14.40,3.803,0.00,42.5022850,2.0495167,1686.90,5,7.37,2024-11-10T22:18:26.00+02:00
14.40,3.802,0.00,42.5022850,2.0495167,1686.90,5,7.37,2024-11-10T22:18:27.00+02:00
14.40,3.803,0.00,42.5022850,2.0495167,1686.90,5,7.37,2024-11-10T22:18:28.00+02:00
14.74,3.807,0.00,42.5022850,2.0495167,1686.90,5,7.37,2024-11-10T22:18:29.00+02:00
14.40,3.802,0.00,42.5022850,2.0495167,1686.90,5,7.37,2024-11-10T22:18:30.00+02:00
14.74,3.803,0.00,42.5022850,2.0495167,1686.90,5,7.37,2024-11-10T22:18:31.00+02:00
14.54,3.799,0.00,42.5022850,2.0495167,1686.90,5,7.37,2024-11-10T22:18:32.00+02:00
14.74,3.803,0.00,42.5022850,2.0495167,1686.90,5,7.37,2024-11-10T22:18:33.00+02:00
14.19,3.801,0.00,42.5022850,2.0495167,1686.90,5,7.37,2024-11-10T22:18:34.00+02:00
14.74,3.802,0.00,42.5022850,2.0495167,1686.90,5,7.37,2024-11-10T22:18:35.00+02:00
14.19,3.801,0.00,42.5022850,2.0495167,1686.90,5,7.37,2024-11-10T22:18:36.00+02:00
14.40,3.803,0.00,42.5022850,2.0495167,1686.90,5,7.37,2024-11-10T22:18:37.00+02:00
14.74,3.800,0.00,42.5022850,2.0495167,1686.90,5,7.37,2024-11-10T22:18:38.00+02:00
14.74,3.802,0.00,42.5022850,2.0495167,1686.90,5,7.37,2024-11-10T22:18:39.00+02:00
14.54,3.799,0.00,42.5022850,2.0495167,1686.90,5,7.37,2024-11-10T22:18:40.00+02:00
14.40,3.803,0.00,42.5022850,2.0495167,1686.90,5,7.37,2024-11-10T22:18:41.00+02:00
14.74,3.803,0.00,42.5022850,2.0495167,1686.90,5,7.37,2024-11-10T22:18:42.00+02:00
14.54,3.801,0.00,42.5022850,2.0495167,1686.90,5,7.37,2024-11-10T22:18:43.00+02:00
14.74,3.802,0.00,42.5022850,2.0495167,1686.90,5,7.37,2024-11-10T22:18:44.00+02:00
14.40,3.803,0.00,42.5022850,2.0495167,1686.90,5,7.37,2024-11-10T22:18:45.00+02:00
14.95,3.806,0.00,42.5022850,2.0495167,1686.90,5,7.37,2024-11-10T22:18:46.00+02:00
14.88,3.797,0.00,42.5022850,2.0495167,1686.90,5,7.37,2024-11-10T22:18:47.00+02:00
14.54,3.799,0.00,42.5022850,2.0495167,1686.90,5,7.37,2024-11-10T22:18:48.00+02:00
14.54,3.802,0.00,42.5022850,2.0495167,1686.90,5,7.37,2024-11-10T22:18:49.00+02:00
14.88,3.799,0.00,42.5022850,2.0495167,1686.90,5,7.37,2024-11-10T22:18:50.00+02:00
14.74,3.803,0.00,42.5022850,2.0495167,1686.90,5,7.37,2024-11-10T22:18:51.00+02:00
14.74,3.803,0.00,42.5022850,2.0495167,1686.90,5,7.37,2024-11-10T22:18:52.00+02:00
14.74,3.805,0.00,42.5022850,2.0495167,1686.90,5,7.37,2024-11-10T22:18:53.00+02:00
14.19,3.801,0.00,42.5022850,2.0495167,1686.90,5,7.37,2024-11-10T22:18:54.00+02:00
15.09,3.802,0.00,42.5022850,2.0495167,1686.90,5,7.37,2024-11-10T22:18:55.00+02:00
14.54,3.801,0.00,42.5022850,2.0495167,1686.90,5,7.37,2024-11-10T22:18:56.00+02:00
14.40,3.803,0.00,42.5022850,2.0495167,1686.90,5,7.37,2024-11-10T22:18:57.00+02:00
14.74,3.803,0.00,42.5022850,2.0495167,1686.90,5,7.37,2024-11-10T22:18:58.00+02:00
15.09,3.803,0.00,42.5022850,2.0495167,1686.90,5,7.37,2024-11-10T22:18:59.00+02:00
14.54,3.801,0.00,42.5022850,2.0495167,1686.90,5,7.37,2024-11-10T22:19:00.00+02:00
15.43,3.803,0.00,42.5022850,2.0495167,1686.90,5,7.37,2024-11-10T22:19:01.00+02:00
14.54,3.802,0.00,42.5022850,2.0495167,1686.90,5,7.37,2024-11-10T22:19:02.00+02:00
14.88,3.801,0.00,42.5022850,2.0495167,1686.90,5,7.37,2024-11-10T22:19:03.00+02:00
14.40,3.805,0.00,42.5022850,2.0495167,1686.90,5,7.37,2024-11-10T22:19:04.00+02:00
14.74,3.805,0.00,42.5022850,2.0495167,1686.90,5,7.37,2024-11-10T22:19:05.00+02:00
15.09,3.802,0.00,42.5022850,2.0495167,1686.90,5,7.37,2024-11-10T22:19:06.00+02:00
14.88,3.799,0.00,42.5022850,2.0495167,1686.90,5,7.37,2024-11-10T22:19:07.00+02:00
14.88,3.801,0.00,42.5022850,2.0495167,1686.90,5,7.37,2024-11-10T22:19:08.00+02:00
14.88,3.801,0.00,42.5022850,2.0495167,1686.90,5,7.37,2024-11-10T22:19:09.00+02:00
15.09,3.803,0.00,42.5022850,2.0495167,1686.90,5,7.37,2024-11-10T22:19:10.00+02:00