32.92,3.719,0.70,42.5213165,2.0356333,1940.50,6,1.09,2024-11-10T11:43:47.00+02:00
33.27,3.719,0.70,42.5213165,2.0356333,1940.50,6,1.09,2024-11-10T11:43:48.00+02:00
33.27,3.719,0.43,42.5212517,2.0357001,1937.70,6,1.09,2024-11-10T11:43:49.00+02:00
32.92,3.719,0.43,42.5212517,2.0355999,1929.40,5,1.24,2024-11-10T11:43:50.00+02:00
32.58,3.719,0.43,42.5212517,2.0355999,1929.40,5,1.24,2024-11-10T11:43:51.00+02:00
33.27,3.719,0.48,42.5212669,2.0355833,1927.70,5,1.24,2024-11-10T11:43:52.00+02:00
33.05,3.714,0.48,42.5212669,2.0355833,1927.70,5,1.24,2024-11-10T11:43:53.00+02:00
33.14,3.720,1.44,42.5212669,2.0355666,1927.40,5,1.24,2024-11-10T11:43:54.00+02:00
32.71,3.715,1.52,42.5212669,2.0355666,1927.40,5,1.24,2024-11-10T11:43:55.00+02:00
33.05,3.715,1.52,42.5212669,2.0355666,1927.40,5,1.24,2024-11-10T11:43:56.00+02:00
33.27,3.718,0.56,42.5213013,2.0355501,1929.00,6,1.09,2024-11-10T11:43:57.00+02:00
32.92,3.718,0.56,42.5213013,2.0355501,1929.00,6,1.09,2024-11-10T11:43:58.00+02:00
32.58,3.719,0.56,42.5213013,2.0355501,1929.00,6,1.09,2024-11-10T11:43:59.00+02:00
33.27,3.716,0.07,42.5212822,2.0355666,1931.00,4,1.63,2024-11-10T11:44:00.00+02:00
32.92,3.718,0.07,42.5212822,2.0355666,1931.00,5,1.52,2024-11-10T11:44:01.00+02:00
33.27,3.716,0.07,42.5212822,2.0355666,1931.00,5,1.52,2024-11-10T11:44:02.00+02:00
32.92,3.716,0.11,42.5212669,2.0355833,1930.70,8,1.04,2024-11-10T11:44:03.00+02:00
32.58,3.718,0.11,42.5212669,2.0355833,1930.70,8,1.04,2024-11-10T11:44:04.00+02:00
32.92,3.718,0.04,42.5212669,2.0355833,1930.70,8,1.04,2024-11-10T11:44:05.00+02:00
33.14,3.720,0.04,42.5213318,2.0354834,1928.90,7,1.45,2024-11-10T11:44:06.00+02:00
33.27,3.718,0.04,42.5213318,2.0354834,1928.90,7,1.45,2024-11-10T11:44:07.00+02:00
32.71,3.714,0.43,42.5213013,2.0355501,1929.10,5,3.14,2024-11-10T11:44:08.00+02:00
32.71,3.714,0.43,42.5213013,2.0355501,1929.10,5,3.14,2024-11-10T11:44:09.00+02:00
32.71,3.712,0.31,42.5212822,2.0355334,1925.50,6,2.31,2024-11-10T11:44:10.00+02:00
32.92,3.716,0.26,42.5212669,2.0355334,1925.10,6,2.31,2024-11-10T11:44:11.00+02:00
32.58,3.716,0.26,42.5212669,2.0355334,1925.10,6,2.31,2024-11-10T11:44:12.00+02:00
32.71,3.714,0.20,42.5212669,2.0355334,1924.70,6,2.31,2024-11-10T11:44:13.00+02:00
32.92,3.714,0.20,42.5212669,2.0355334,1924.70,6,2.31,2024-11-10T11:44:14.00+02:00
32.92,3.714,0.00,42.5212669,2.0355334,1924.70,6,2.31,2024-11-10T11:44:15.00+02:00
32.71,3.710,0.00,42.5212669,2.0355334,1924.70,6,2.31,2024-11-10T11:44:16.00+02:00
32.71,3.712,0.00,42.5212669,2.0355334,1924.50,6,2.31,2024-11-10T11:44:17.00+02:00
32.71,3.712,0.00,42.5212669,2.0355334,1924.50,6,2.31,2024-11-10T11:44:18.00+02:00
32.92,3.713,0.00,42.5212669,2.0355334,1924.50,6,2.31,2024-11-10T11:44:19.00+02:00
32.71,3.709,0.00,42.5212669,2.0355334,1924.50,6,2.31,2024-11-10T11:44:20.00+02:00
32.92,3.713,0.00,42.5212669,2.0355334,1924.50,6,2.31,2024-11-10T11:44:21.00+02:00
32.71,3.710,0.00,42.5212669,2.0355334,1924.50,6,2.31,2024-11-10T11:44:22.00+02:00
32.71,3.710,0.00,42.5212669,2.0355334,1924.50,6,2.31,2024-11-10T11:44:23.00+02:00
32.92,3.711,0.00,42.5212669,2.0355334,1924.50,6,2.31,2024-11-10T11:44:24.00+02:00
32.92,3.714,0.00,42.5212669,2.0355334,1924.50,6,2.31,2024-11-10T11:44:25.00+02:00
32.36,3.709,0.00,42.5212669,2.0355334,1924.50,6,2.31,2024-11-10T11:44:26.00+02:00
32.92,3.714,0.00,42.5212669,2.0355334,1924.50,6,2.31,2024-11-10T11:44:27.00+02:00
32.92,3.711,0.00,42.5212669,2.0355334,1924.50,5,3.00,2024-11-10T11:44:28.00+02:00
32.92,3.711,0.00,42.5212669,2.0355334,1924.50,5,3.00,2024-11-10T11:44:29.00+02:00
33.27,3.711,0.00,42.5212669,2.0355334,1924.50,5,3.00,2024-11-10T11:44:30.00+02:00
33.05,3.705,0.00,42.5212669,2.0355334,1924.50,5,3.00,2024-11-10T11:44:31.00+02:00
33.48,3.712,0.00,42.5212669,2.0355334,1924.50,5,3.00,2024-11-10T11:44:32.00+02:00
32.92,3.709,0.00,42.5212669,2.0355334,1924.50,5,3.00,2024-11-10T11:44:33.00+02:00
32.14,3.706,0.00,42.5212669,2.0355334,1924.50,5,3.00,2024-11-10T11:44:34.00+02:00
32.36,3.707,3.69,42.5212669,2.0355334,1924.50,5,3.00,2024-11-10T11:44:35.00+02:00
32.92,3.711,0.00,42.5212669,2.0355334,1924.50,6,1.61,2024-11-10T11:44:36.00+02:00
32.58,3.711,0.00,42.5212669,2.0355334,1924.50,7,1.12,2024-11-10T11:44:37.00+02:00
32.36,3.709,0.00,42.5212669,2.0355334,1924.50,7,1.12,2024-11-10T11:44:38.00+02:00
32.92,3.709,0.00,42.5212669,2.0355334,1924.50,7,1.12,2024-11-10T11:44:39.00+02:00
32.92,3.709,4.37,42.5212669,2.0355833,1923.30,7,1.12,2024-11-10T11:44:40.00+02:00
32.92,3.708,4.37,42.5212669,2.0355833,1923.30,7,1.12,2024-11-10T11:44:41.00+02:00
32.58,3.709,4.74,42.5212669,2.0355833,1923.30,7,1.12,2024-11-10T11:44:42.00+02:00
32.71,3.707,4.74,42.5212669,2.0355833,1923.30,7,1.12,2024-11-10T11:44:43.00+02:00
32.92,3.709,0.00,42.5212669,2.0355833,1923.30,7,1.12,2024-11-10T11:44:44.00+02:00
32.58,3.713,0.00,42.5212669,2.0355833,1923.30,7,1.12,2024-11-10T11:44:45.00+02:00
33.14,3.714,0.00,42.5212669,2.0355833,1923.30,7,1.12,2024-11-10T11:44:46.00+02:00
33.14,3.715,0.00,42.5212669,2.0355833,1923.30,7,1.12,2024-11-10T11:44:47.00+02:00
32.79,3.714,0.00,42.5212822,2.0355999,1925.40,8,1.09,2024-11-10T11:44:48.00+02:00
32.92,3.711,0.00,42.5212822,2.0355999,1925.40,8,1.09,2024-11-10T11:44:49.00+02:00
32.79,3.714,0.00,42.5212822,2.0355999,1925.40,8,1.09,2024-11-10T11:44:50.00+02:00
32.92,3.709,0.00,42.5212822,2.0355999,1925.40,8,1.09,2024-11-10T11:44:51.00+02:00
32.36,3.705,0.00,42.5212822,2.0355999,1925.40,8,1.09,2024-11-10T11:44:52.00+02:00
32.92,3.709,0.00,42.5212822,2.0355999,1925.40,8,1.09,2024-11-10T11:44:53.00+02:00
32.92,3.711,0.00,42.5212822,2.0355999,1925.40,7,1.36,2024-11-10T11:44:54.00+02:00
32.36,3.705,0.00,42.5212822,2.0355999,1925.40,7,1.36,2024-11-10T11:44:55.00+02:00
32.79,3.712,0.00,42.5212822,2.0355999,1925.40,7,1.36,2024-11-10T11:44:56.00+02:00
32.92,3.708,0.00,42.5212822,2.0355999,1925.40,7,1.36,2024-11-10T11:44:57.00+02:00
32.36,3.707,0.00,42.5212822,2.0355999,1925.40,7,1.36,2024-11-10T11:44:58.00+02:00
32.92,3.709,0.00,42.5212822,2.0355999,1925.40,7,1.36,2024-11-10T11:44:59.00+02:00
32.36,3.705,0.00,42.5212822,2.0355999,1925.40,7,1.36,2024-11-10T11:45:00.00+02:00
32.92,3.708,0.00,42.5212822,2.0355999,1925.40,7,1.36,2024-11-10T11:45:01.00+02:00
32.36,3.705,0.00,42.5212822,2.0355999,1925.40,7,1.36,2024-11-10T11:45:02.00+02:00
32.58,3.706,0.00,42.5212822,2.0355999,1925.40,8,1.29,2024-11-10T11:45:03.00+02:00
33.27,3.706,0.00,42.5212822,2.0355999,1925.40,8,1.29,2024-11-10T11:45:04.00+02:00
32.36,3.705,0.00,42.5212822,2.0355999,1925.40,8,1.29,2024-11-10T11:45:05.00+02:00
32.92,3.706,0.00,42.5212822,2.0355999,1925.40,8,1.29,2024-11-10T11:45:06.00+02:00
32.79,3.709,0.00,42.5212822,2.0355999,1925.40,7,1.36,2024-11-10T11:45:07.00+02:00
32.79,3.710,0.00,42.5212822,2.0355999,1925.40,7,1.36,2024-11-10T11:45:08.00+02:00
32.92,3.706,0.00,42.5212822,2.0355999,1925.40,8,1.29,2024-11-10T11:45:09.00+02:00
32.23,3.706,0.00,42.5212822,2.0355999,1925.40,8,1.29,2024-11-10T11:45:10.00+02:00
32.92,3.704,0.00,42.5212822,2.0355999,1925.40,8,1.29,2024-11-10T11:45:11.00+02:00
32.58,3.706,0.00,42.5212822,2.0355999,1925.40,8,1.29,2024-11-10T11:45:12.00+02:00
32.71,3.700,0.00,42.5212822,2.0355999,1925.40,8,1.29,2024-11-10T11:45:13.00+02:00
32.58,3.706,0.00,42.5212822,2.0355999,1925.40,8,1.29,2024-11-10T11:45:14.00+02:00
32.23,3.706,0.00,42.5212822,2.0355999,1925.40,8,1.29,2024-11-10T11:45:15.00+02:00
32.58,3.703,0.00,42.5212822,2.0355999,1925.40,8,1.29,2024-11-10T11:45:16.00+02:00
32.58,3.704,0.00,42.5212822,2.0355999,1925.40,8,1.29,2024-11-10T11:45:17.00+02:00
32.58,3.704,0.00,42.5212822,2.0355999,1925.40,8,1.29,2024-11-10T11:45:18.00+02:00
32.36,3.702,0.00,42.5212822,2.0355999,1925.40,8,1.29,2024-11-10T11:45:19.00+02:00
32.58,3.703,0.00,42.5212822,2.0355999,1925.40,8,1.29,2024-11-10T11:45:20.00+02:00
32.36,3.700,0.00,42.5212822,2.0355999,1925.40,8,1.29,2024-11-10T11:45:21.00+02:00
32.58,3.703,0.00,42.5212822,2.0355999,1925.40,8,1.29,2024-11-10T11:45:22.00+02:00
32.58,3.703,0.00,42.5212822,2.0355999,1925.40,8,1.29,2024-11-10T11:45:23.00+02:00
32.45,3.705,0.00,42.5212822,2.0355999,1925.40,8,1.29,2024-11-10T11:45:24.00+02:00
32.58,3.703,0.00,42.5212822,2.0355999,1925.40,8,1.29,2024-11-10T11:45:25.00+02:00
32.92,3.703,0.00,42.5212822,2.0355999,1925.40,8,1.29,2024-11-10T11:45:26.00+02:00
32.79,3.705,0.00,42.5212822,2.0355999,1925.40,8,1.29,2024-11-10T11:45:27.00+02:00
32.36,3.700,0.00,42.5212822,2.0355999,1925.40,8,1.29,2024-11-10T11:45:28.00+02:00
32.36,3.697,0.00,42.5212822,2.0355999,1925.40,8,1.29,2024-11-10T11:45:29.00+02:00
32.58,3.703,0.00,42.5212822,2.0355999,1925.40,8,1.29,2024-11-10T11:45:30.00+02:00
32.36,3.699,0.00,42.5212822,2.0355999,1925.40,8,1.29,2024-11-10T11:45:31.00+02:00
32.23,3.699,0.00,42.5212822,2.0355999,1925.40,8,1.29,2024-11-10T11:45:32.00+02:00
32.58,3.703,0.00,42.5212822,2.0355999,1925.40,8,1.29,2024-11-10T11:45:33.00+02:00
33.14,3.702,0.00,42.5212822,2.0355999,1925.40,7,1.37,2024-11-10T11:45:34.00+02:00
32.92,3.701,0.00,42.5212822,2.0355999,1925.40,7,1.37,2024-11-10T11:45:35.00+02:00
32.71,3.697,0.00,42.5212822,2.0355999,1925.40,7,1.37,2024-11-10T11:45:36.00+02:00
32.58,3.701,0.00,42.5212822,2.0355999,1925.40,7,1.37,2024-11-10T11:45:37.00+02:00
32.92,3.698,0.00,42.5212822,2.0355999,1925.40,7,1.37,2024-11-10T11:45:38.00+02:00
32.58,3.699,0.00,42.5212822,2.0355999,1925.40,7,1.37,2024-11-10T11:45:39.00+02:00
32.23,3.699,0.00,42.5212822,2.0355999,1925.40,7,1.37,2024-11-10T11:45:40.00+02:00
32.58,3.698,0.00,42.5212822,2.0355999,1925.40,7,1.37,2024-11-10T11:45:41.00+02:00
32.36,3.695,0.00,42.5212822,2.0355999,1925.40,7,1.37,2024-11-10T11:45:42.00+02:00
32.36,3.695,0.00,42.5212822,2.0355999,1925.40,6,2.34,2024-11-10T11:45:43.00+02:00
32.58,3.698,0.00,42.5212822,2.0355999,1925.40,6,2.34,2024-11-10T11:45:44.00+02:00
32.02,3.695,0.00,42.5212822,2.0355999,1925.40,6,2.34,2024-11-10T11:45:45.00+02:00
32.36,3.692,0.00,42.5212822,2.0355999,1925.40,6,2.34,2024-11-10T11:45:46.00+02:00
32.79,3.699,0.00,42.5212822,2.0355999,1925.40,6,2.34,2024-11-10T11:45:47.00+02:00
32.36,3.692,0.00,42.5212822,2.0355999,1925.40,6,2.34,2024-11-10T11:45:48.00+02:00
32.23,3.696,0.00,42.5212822,2.0355999,1925.40,6,2.35,2024-11-10T11:45:49.00+02:00
32.58,3.696,0.00,42.5212822,2.0355999,1925.40,6,2.35,2024-11-10T11:45:50.00+02:00
32.58,3.698,0.00,42.5212822,2.0355999,1925.40,6,2.35,2024-11-10T11:45:51.00+02:00
32.92,3.694,0.00,42.5212822,2.0355999,1925.40,8,1.09,2024-11-10T11:45:52.00+02:00
32.02,3.692,0.00,42.5212822,2.0355999,1925.40,8,1.09,2024-11-10T11:45:53.00+02:00
32.58,3.696,0.00,42.5212822,2.0355999,1925.40,8,1.09,2024-11-10T11:45:54.00+02:00
32.58,3.694,0.00,42.5212822,2.0355999,1925.40,8,1.09,2024-11-10T11:45:55.00+02:00
32.92,3.693,0.00,42.5212822,2.0355999,1925.40,8,1.09,2024-11-10T11:45:56.00+02:00
32.23,3.696,0.00,42.5212822,2.0355999,1925.40,8,1.09,2024-11-10T11:45:57.00+02:00
32.79,3.699,0.00,42.5212822,2.0355999,1925.40,9,0.99,2024-11-10T11:45:58.00+02:00
32.58,3.696,0.00,42.5212822,2.0355999,1925.40,9,0.99,2024-11-10T11:45:59.00+02:00
32.58,3.693,0.00,42.5212822,2.0355999,1925.40,9,0.99,2024-11-10T11:46:00.00+02:00
32.58,3.693,0.00,42.5212822,2.0355999,1925.40,9,0.99,2024-11-10T11:46:01.00+02:00
32.45,3.695,0.00,42.5212822,2.0355999,1925.40,9,0.99,2024-11-10T11:46:02.00+02:00
32.71,3.689,0.00,42.5212822,2.0355999,1925.40,9,0.99,2024-11-10T11:46:03.00+02:00
32.58,3.691,4.07,42.5213165,2.0356500,1929.30,9,0.99,2024-11-10T11:46:04.00+02:00
32.79,3.695,0.00,42.5213165,2.0356500,1929.30,9,0.99,2024-11-10T11:46:05.00+02:00
32.71,3.687,0.00,42.5213165,2.0356500,1929.30,9,0.99,2024-11-10T11:46:06.00+02:00
32.58,3.691,0.00,42.5213165,2.0356500,1929.30,9,0.99,2024-11-10T11:46:07.00+02:00
33.14,3.694,0.00,42.5213165,2.0356667,1929.00,9,0.99,2024-11-10T11:46:08.00+02:00
32.92,3.688,0.00,42.5213165,2.0356667,1929.00,9,0.99,2024-11-10T11:46:09.00+02:00
32.58,3.691,0.00,42.5213165,2.0356667,1929.00,9,0.99,2024-11-10T11:46:10.00+02:00
32.58,3.689,0.00,42.5213165,2.0356667,1929.00,9,0.99,2024-11-10T11:46:11.00+02:00
32.58,3.688,0.00,42.5213165,2.0356667,1929.00,9,0.99,2024-11-10T11:46:12.00+02:00
32.92,3.686,0.00,42.5213165,2.0356667,1929.00,9,0.99,2024-11-10T11:46:13.00+02:00
32.36,3.685,0.50,42.5213165,2.0356166,1929.20,9,0.99,2024-11-10T11:46:14.00+02:00
32.58,3.688,0.57,42.5213165,2.0356166,1929.20,9,0.99,2024-11-10T11:46:15.00+02:00
32.92,3.689,0.57,42.5213165,2.0356166,1929.20,9,0.99,2024-11-10T11:46:16.00+02:00
32.58,3.688,0.00,42.5213165,2.0356166,1929.20,9,0.99,2024-11-10T11:46:17.00+02:00
32.92,3.688,0.00,42.5213165,2.0356166,1929.20,9,0.99,2024-11-10T11:46:18.00+02:00
32.45,3.690,0.00,42.5213165,2.0356166,1929.20,9,0.99,2024-11-10T11:46:19.00+02:00
32.58,3.686,0.00,42.5213165,2.0356166,1929.20,9,0.99,2024-11-10T11:46:20.00+02:00
32.45,3.690,0.00,42.5213165,2.0356166,1929.20,9,0.99,2024-11-10T11:46:21.00+02:00
32.23,3.684,0.00,42.5213165,2.0356166,1929.20,9,0.99,2024-11-10T11:46:22.00+02:00
32.58,3.686,0.00,42.5213165,2.0356166,1929.20,9,0.99,2024-11-10T11:46:23.00+02:00
32.58,3.686,0.00,42.5213165,2.0356166,1929.20,9,0.99,2024-11-10T11:46:24.00+02:00
32.58,3.686,0.00,42.5213165,2.0356166,1929.20,9,0.99,2024-11-10T11:46:25.00+02:00
32.36,3.682,0.00,42.5213165,2.0356166,1929.20,9,0.99,2024-11-10T11:46:26.00+02:00
32.92,3.686,0.00,42.5213318,2.0355999,1929.70,9,0.99,2024-11-10T11:46:27.00+02:00
32.36,3.680,0.00,42.5213318,2.0355999,1929.70,9,0.99,2024-11-10T11:46:28.00+02:00
32.79,3.687,0.00,42.5213318,2.0355999,1929.70,9,0.99,2024-11-10T11:46:29.00+02:00
32.58,3.684,0.00,42.5213318,2.0355999,1929.70,9,0.99,2024-11-10T11:46:30.00+02:00
32.79,3.685,0.00,42.5213318,2.0355999,1929.70,9,0.99,2024-11-10T11:46:31.00+02:00
32.36,3.680,0.00,42.5213318,2.0355999,1929.70,9,0.99,2024-11-10T11:46:32.00+02:00
32.58,3.683,0.00,42.5213318,2.0355999,1929.70,9,0.99,2024-11-10T11:46:33.00+02:00
32.58,3.681,0.00,42.5213318,2.0355999,1929.70,9,0.99,2024-11-10T11:46:34.00+02:00
32.36,3.679,0.00,42.5213318,2.0355999,1929.70,9,0.99,2024-11-10T11:46:35.00+02:00
32.36,3.679,0.00,42.5213318,2.0355999,1929.70,9,0.99,2024-11-10T11:46:36.00+02:00
32.36,3.680,0.00,42.5213318,2.0355999,1929.70,8,1.09,2024-11-10T11:46:37.00+02:00
32.92,3.681,0.00,42.5213318,2.0355999,1929.70,8,1.09,2024-11-10T11:46:38.00+02:00
32.58,3.679,4.02,42.5213318,2.0355999,1929.70,8,1.09,2024-11-10T11:46:39.00+02:00
32.79,3.684,0.00,42.5213318,2.0355999,1929.70,8,1.09,2024-11-10T11:46:40.00+02:00
32.58,3.681,0.00,42.5213318,2.0355999,1929.70,8,1.09,2024-11-10T11:46:41.00+02:00
32.45,3.682,0.00,42.5213318,2.0355999,1929.70,8,1.09,2024-11-10T11:46:42.00+02:00
32.58,3.681,0.00,42.5213318,2.0355999,1929.70,8,1.26,2024-11-10T11:46:43.00+02:00
32.02,3.677,0.00,42.5213318,2.0355999,1929.70,8,1.26,2024-11-10T11:46:44.00+02:00
32.58,3.681,0.00,42.5213318,2.0355999,1929.70,8,1.26,2024-11-10T11:46:45.00+02:00
32.58,3.678,3.96,42.5213318,2.0355999,1929.70,8,1.26,2024-11-10T11:46:46.00+02:00
32.58,3.679,3.96,42.5213318,2.0355999,1929.70,8,1.26,2024-11-10T11:46:47.00+02:00
32.71,3.675,3.96,42.5213318,2.0355999,1929.70,8,1.26,2024-11-10T11:46:48.00+02:00
32.36,3.675,9.22,42.5214996,2.0355167,1933.10,8,1.26,2024-11-10T11:46:49.00+02:00
32.79,3.680,12.19,42.5214996,2.0355167,1933.10,8,1.26,2024-11-10T11:46:50.00+02:00
32.58,3.678,12.19,42.5214996,2.0355167,1933.10,8,1.26,2024-11-10T11:46:51.00+02:00
31.71,3.668,11.89,42.5214996,2.0355167,1933.10,8,1.26,2024-11-10T11:46:52.00+02:00
32.36,3.675,11.89,42.5214996,2.0355167,1933.10,8,1.26,2024-11-10T11:46:53.00+02:00
32.92,3.674,11.89,42.5214996,2.0355167,1933.10,8,1.26,2024-11-10T11:46:54.00+02:00
32.58,3.674,11.50,42.5214996,2.0355167,1933.10,8,1.26,2024-11-10T11:46:55.00+02:00
32.36,3.669,10.20,42.5214996,2.0355167,1933.10,8,1.26,2024-11-10T11:46:56.00+02:00
32.36,3.674,10.20,42.5214996,2.0355167,1933.10,8,1.26,2024-11-10T11:46:57.00+02:00
32.58,3.674,11.00,42.5214996,2.0355167,1933.10,8,1.26,2024-11-10T11:46:58.00+02:00
32.58,3.674,11.00,42.5214996,2.0355167,1933.10,8,1.26,2024-11-10T11:46:59.00+02:00
32.23,3.674,11.00,42.5214996,2.0355167,1933.10,8,1.26,2024-11-10T11:47:00.00+02:00
32.58,3.676,11.00,42.5214996,2.0355167,1933.10,8,1.26,2024-11-10T11:47:01.00+02:00
32.36,3.672,10.33,42.5218163,2.0353501,1935.10,8,1.26,2024-11-10T11:47:02.00+02:00
32.58,3.673,10.33,42.5218163,2.0353501,1935.10,8,1.26,2024-11-10T11:47:03.00+02:00
32.36,3.670,9.81,42.5218163,2.0353501,1935.10,8,1.26,2024-11-10T11:47:04.00+02:00
31.89,3.674,7.13,42.5218163,2.0353501,1935.10,8,1.26,2024-11-10T11:47:05.00+02:00
32.23,3.671,7.13,42.5218163,2.0353501,1935.10,8,1.26,2024-11-10T11:47:06.00+02:00
31.89,3.673,7.13,42.5218163,2.0353501,1935.10,8,1.26,2024-11-10T11:47:07.00+02:00
32.58,3.671,12.61,42.5219994,2.0352666,1937.00,8,1.26,2024-11-10T11:47:08.00+02:00
32.23,3.673,12.61,42.5219994,2.0352666,1937.00,8,1.26,2024-11-10T11:47:09.00+02:00
32.23,3.671,11.37,42.5219994,2.0352666,1937.00,8,1.26,2024-11-10T11:47:10.00+02:00
32.23,3.669,10.78,42.5220680,2.0352166,1937.20,8,1.94,2024-11-10T11:47:11.00+02:00
32.58,3.671,10.78,42.5220680,2.0352166,1937.20,8,1.94,2024-11-10T11:47:12.00+02:00
31.67,3.667,10.78,42.5220680,2.0352166,1937.20,8,1.94,2024-11-10T11:47:13.00+02:00
31.89,3.669,12.87,42.5221825,2.0351501,1937.20,9,0.99,2024-11-10T11:47:14.00+02:00
32.23,3.668,10.56,42.5221825,2.0351501,1937.20,9,0.99,2024-11-10T11:47:15.00+02:00
31.89,3.666,10.56,42.5221825,2.0351501,1937.20,9,0.99,2024-11-10T11:47:16.00+02:00
31.55,3.666,11.35,42.5222816,2.0351167,1937.50,9,0.99,2024-11-10T11:47:17.00+02:00
31.89,3.668,11.35,42.5222816,2.0351167,1937.50,9,0.99,2024-11-10T11:47:18.00+02:00
31.20,3.668,11.35,42.5222816,2.0351167,1937.50,9,0.99,2024-11-10T11:47:19.00+02:00
30.99,3.664,11.94,42.5222816,2.0351167,1937.50,9,0.99,2024-11-10T11:47:20.00+02:00
31.55,3.668,13.57,42.5222816,2.0351167,1937.50,9,0.99,2024-11-10T11:47:21.00+02:00
30.99,3.662,13.57,42.5222816,2.0351167,1937.50,9,0.99,2024-11-10T11:47:22.00+02:00
30.30,3.664,14.33,42.5224991,2.0351000,1940.80,9,1.02,2024-11-10T11:47:23.00+02:00
30.86,3.664,14.33,42.5224991,2.0351000,1940.80,9,1.02,2024-11-10T11:47:24.00+02:00
30.86,3.664,6.70,42.5224991,2.0351000,1940.80,9,1.02,2024-11-10T11:47:25.00+02:00
30.51,3.664,6.70,42.5224991,2.0351000,1940.80,9,1.02,2024-11-10T11:47:26.00+02:00
30.17,3.664,5.43,42.5225487,2.0350833,1943.10,8,1.04,2024-11-10T11:47:27.00+02:00
30.38,3.667,5.43,42.5225487,2.0350833,1943.10,8,1.04,2024-11-10T11:47:28.00+02:00
29.61,3.662,0.00,42.5225487,2.0350833,1943.10,8,1.04,2024-11-10T11:47:29.00+02:00
29.82,3.661,4.69,42.5225487,2.0350833,1943.10,8,1.04,2024-11-10T11:47:30.00+02:00
29.82,3.663,0.00,42.5225487,2.0350833,1943.10,8,1.04,2024-11-10T11:47:31.00+02:00
29.69,3.665,0.00,42.5225487,2.0350833,1943.10,8,1.04,2024-11-10T11:47:32.00+02:00
29.48,3.663,0.00,42.5226326,2.0350499,1946.60,7,1.13,2024-11-10T11:47:33.00+02:00
28.92,3.657,0.00,42.5226326,2.0350499,1946.60,7,1.13,2024-11-10T11:47:34.00+02:00
29.69,3.664,10.56,42.5226326,2.0350499,1946.60,7,1.13,2024-11-10T11:47:35.00+02:00
28.58,3.657,10.56,42.5226326,2.0350499,1946.60,7,1.13,2024-11-10T11:47:36.00+02:00
29.14,3.659,12.04,42.5227661,2.0349166,1947.80,8,1.06,2024-11-10T11:47:37.00+02:00
28.45,3.659,12.04,42.5227661,2.0349166,1947.80,8,1.06,2024-11-10T11:47:38.00+02:00
28.66,3.662,12.07,42.5228348,2.0348666,1949.10,8,1.06,2024-11-10T11:47:39.00+02:00
28.10,3.658,14.83,42.5228348,2.0348666,1949.10,8,1.06,2024-11-10T11:47:40.00+02:00
28.10,3.658,14.83,42.5228348,2.0348666,1949.10,8,1.06,2024-11-10T11:47:41.00+02:00
28.10,3.656,12.63,42.5229492,2.0348334,1950.70,8,1.15,2024-11-10T11:47:42.00+02:00
27.76,3.659,12.63,42.5229492,2.0348334,1950.70,8,1.15,2024-11-10T11:47:43.00+02:00
27.41,3.656,12.63,42.5229492,2.0348334,1950.70,8,1.15,2024-11-10T11:47:44.00+02:00
27.41,3.658,12.63,42.5229492,2.0348334,1950.70,8,1.15,2024-11-10T11:47:45.00+02:00
27.41,3.658,14.02,42.5229492,2.0348334,1950.70,8,1.15,2024-11-10T11:47:46.00+02:00
26.86,3.654,14.02,42.5229492,2.0348334,1950.70,8,1.15,2024-11-10T11:47:47.00+02:00
27.07,3.656,11.89,42.5229492,2.0348334,1950.70,8,1.15,2024-11-10T11:47:48.00+02:00
26.51,3.654,11.89,42.5229492,2.0348334,1950.70,8,1.15,2024-11-10T11:47:49.00+02:00
26.73,3.656,8.17,42.5229492,2.0348334,1950.70,8,1.15,2024-11-10T11:47:50.00+02:00
26.38,3.656,8.17,42.5229492,2.0348334,1950.70,8,1.15,2024-11-10T11:47:51.00+02:00
26.59,3.660,8.22,42.5231819,2.0346167,1955.10,7,1.15,2024-11-10T11:47:52.00+02:00
26.38,3.654,8.22,42.5231819,2.0346167,1955.10,7,1.15,2024-11-10T11:47:53.00+02:00
26.04,3.654,11.13,42.5231819,2.0346167,1955.10,7,1.15,2024-11-10T11:47:54.00+02:00
25.83,3.650,13.85,42.5231819,2.0346167,1955.10,7,1.15,2024-11-10T11:47:55.00+02:00
26.25,3.657,13.85,42.5231819,2.0346167,1955.10,7,1.15,2024-11-10T11:47:56.00+02:00
25.69,3.653,14.19,42.5233498,2.0344999,1960.20,6,1.43,2024-11-10T11:47:57.00+02:00
26.04,3.653,14.26,42.5233498,2.0344999,1960.20,6,1.43,2024-11-10T11:47:58.00+02:00
26.25,3.655,14.26,42.5233498,2.0344999,1960.20,6,1.43,2024-11-10T11:47:59.00+02:00
26.04,3.654,16.30,42.5233498,2.0344999,1960.20,6,1.43,2024-11-10T11:48:00.00+02:00
25.91,3.659,16.30,42.5233498,2.0344999,1960.20,6,1.43,2024-11-10T11:48:01.00+02:00
25.35,3.654,17.72,42.5235825,2.0344501,1966.70,5,3.29,2024-11-10T11:48:02.00+02:00
25.91,3.657,17.72,42.5235825,2.0344501,1966.70,5,3.29,2024-11-10T11:48:03.00+02:00
25.69,3.649,19.19,42.5236664,2.0344334,1969.60,5,3.29,2024-11-10T11:48:04.00+02:00
25.56,3.655,18.46,42.5236664,2.0344334,1969.60,5,3.29,2024-11-10T11:48:05.00+02:00
25.69,3.649,18.46,42.5236664,2.0344334,1969.60,5,3.29,2024-11-10T11:48:06.00+02:00
25.91,3.654,17.26,42.5236664,2.0344334,1969.60,5,3.29,2024-11-10T11:48:07.00+02:00
25.69,3.649,17.26,42.5236664,2.0344334,1969.60,5,3.29,2024-11-10T11:48:08.00+02:00
25.69,3.646,15.94,42.5237999,2.0343666,1975.60,8,1.30,2024-11-10T11:48:09.00+02:00
25.35,3.646,15.57,42.5237999,2.0343666,1975.60,8,1.30,2024-11-10T11:48:10.00+02:00
25.69,3.646,15.57,42.5237999,2.0343666,1975.60,8,1.30,2024-11-10T11:48:11.00+02:00
25.48,3.645,15.57,42.5237999,2.0343666,1975.60,8,1.30,2024-11-10T11:48:12.00+02:00
25.56,3.650,15.87,42.5237999,2.0343666,1975.60,8,1.30,2024-11-10T11:48:13.00+02:00
25.35,3.646,15.87,42.5237999,2.0343666,1975.60,8,1.30,2024-11-10T11:48:14.00+02:00
25.91,3.649,15.87,42.5237999,2.0343666,1975.60,8,1.30,2024-11-10T11:48:15.00+02:00
25.69,3.646,15.87,42.5237999,2.0343666,1975.60,8,1.30,2024-11-10T11:48:16.00+02:00
25.35,3.646,8.93,42.5239334,2.0342834,1984.70,8,1.32,2024-11-10T11:48:17.00+02:00
25.22,3.647,8.93,42.5239334,2.0342834,1984.70,8,1.32,2024-11-10T11:48:18.00+02:00
25.56,3.644,10.20,42.5239334,2.0342834,1984.70,8,1.32,2024-11-10T11:48:19.00+02:00
25.91,3.644,9.78,42.5239334,2.0342834,1984.70,8,1.32,2024-11-10T11:48:20.00+02:00
25.14,3.640,9.78,42.5239334,2.0342834,1984.70,8,1.32,2024-11-10T11:48:21.00+02:00
25.69,3.643,9.78,42.5239334,2.0342834,1984.70,8,1.32,2024-11-10T11:48:22.00+02:00
25.56,3.644,9.02,42.5240326,2.0342667,1988.20,8,1.30,2024-11-10T11:48:23.00+02:00
25.35,3.641,9.02,42.5240326,2.0342667,1988.20,8,1.30,2024-11-10T11:48:24.00+02:00
25.56,3.645,11.80,42.5240326,2.0342667,1988.20,8,1.30,2024-11-10T11:48:25.00+02:00
25.48,3.637,11.80,42.5241165,2.0342500,1990.60,8,1.30,2024-11-10T11:48:26.00+02:00
25.56,3.644,11.80,42.5241165,2.0342500,1990.60,8,1.30,2024-11-10T11:48:27.00+02:00
25.35,3.639,11.80,42.5241165,2.0342500,1990.60,8,1.30,2024-11-10T11:48:28.00+02:00
25.91,3.640,10.41,42.5241661,2.0342500,1993.40,8,1.30,2024-11-10T11:48:29.00+02:00
25.91,3.640,10.41,42.5241661,2.0342500,1993.40,8,1.30,2024-11-10T11:48:30.00+02:00
25.91,3.640,10.41,42.5241661,2.0342500,1993.40,8,1.30,2024-11-10T11:48:31.00+02:00
25.22,3.640,10.54,42.5242348,2.0342667,1996.70,9,1.24,2024-11-10T11:48:32.00+02:00
25.56,3.640,10.54,42.5242348,2.0342667,1996.70,9,1.24,2024-11-10T11:48:33.00+02:00
25.91,3.635,10.54,42.5242348,2.0342667,1996.70,9,1.24,2024-11-10T11:48:34.00+02:00
25.35,3.636,10.22,42.5242348,2.0342667,1996.70,9,1.24,2024-11-10T11:48:35.00+02:00
25.56,3.637,11.57,42.5242348,2.0342667,1996.70,9,1.24,2024-11-10T11:48:36.00+02:00
25.48,3.633,11.57,42.5242348,2.0342667,1996.70,9,1.24,2024-11-10T11:48:37.00+02:00
25.91,3.635,12.91,42.5243988,2.0341833,2002.40,8,1.30,2024-11-10T11:48:38.00+02:00
25.56,3.637,12.91,42.5243988,2.0341833,2002.40,8,1.30,2024-11-10T11:48:39.00+02:00
25.35,3.633,12.09,42.5243988,2.0341833,2002.40,8,1.30,2024-11-10T11:48:40.00+02:00
25.56,3.630,12.09,42.5243988,2.0341833,2002.40,8,1.30,2024-11-10T11:48:41.00+02:00
25.35,3.631,12.09,42.5243988,2.0341833,2002.40,8,1.30,2024-11-10T11:48:42.00+02:00
25.69,3.633,12.09,42.5243988,2.0341833,2002.40,8,1.30,2024-11-10T11:48:43.00+02:00
25.14,3.628,13.26,42.5243988,2.0341833,2002.40,8,1.30,2024-11-10T11:48:44.00+02:00
24.79,3.628,13.26,42.5243988,2.0341833,2002.40,8,1.30,2024-11-10T11:48:45.00+02:00
25.56,3.635,14.57,42.5243988,2.0341833,2002.40,8,1.30,2024-11-10T11:48:46.00+02:00
25.91,3.630,14.57,42.5243988,2.0341833,2002.40,8,1.30,2024-11-10T11:48:47.00+02:00
25.56,3.632,14.46,42.5248184,2.0339832,2009.50,8,1.30,2024-11-10T11:48:48.00+02:00
25.69,3.628,14.46,42.5248184,2.0339832,2009.50,8,1.30,2024-11-10T11:48:49.00+02:00
25.35,3.628,14.46,42.5248184,2.0339832,2009.50,8,1.30,2024-11-10T11:48:50.00+02:00
25.35,3.628,14.46,42.5248184,2.0339832,2009.50,8,1.30,2024-11-10T11:48:51.00+02:00
25.35,3.629,15.57,42.5249329,2.0339167,2012.30,8,1.30,2024-11-10T11:48:52.00+02:00
25.00,3.628,15.57,42.5249329,2.0339167,2012.30,8,1.30,2024-11-10T11:48:53.00+02:00
25.69,3.623,12.91,42.5249825,2.0339000,2013.80,8,1.32,2024-11-10T11:48:54.00+02:00
25.56,3.628,12.91,42.5249825,2.0339000,2013.80,8,1.32,2024-11-10T11:48:55.00+02:00
25.69,3.624,12.91,42.5249825,2.0339000,2013.80,8,1.32,2024-11-10T11:48:56.00+02:00
25.22,3.628,12.91,42.5249825,2.0339000,2013.80,8,1.32,2024-11-10T11:48:57.00+02:00
25.56,3.625,12.09,42.5251007,2.0338833,2017.00,8,1.32,2024-11-10T11:48:58.00+02:00
25.00,3.621,12.09,42.5251007,2.0338833,2017.00,8,1.32,2024-11-10T11:48:59.00+02:00
25.35,3.623,12.78,42.5251007,2.0338833,2017.00,8,1.32,2024-11-10T11:49:00.00+02:00
25.56,3.623,12.78,42.5251656,2.0338500,2019.10,9,1.24,2024-11-10T11:49:01.00+02:00
25.00,3.619,12.78,42.5251656,2.0338500,2019.10,9,1.24,2024-11-10T11:49:02.00+02:00
25.35,3.618,12.78,42.5251656,2.0338500,2019.10,9,1.24,2024-11-10T11:49:03.00+02:00
25.35,3.619,11.87,42.5252495,2.0338166,2021.20,9,1.24,2024-11-10T11:49:04.00+02:00
25.35,3.621,11.87,42.5252495,2.0338166,2021.20,9,1.24,2024-11-10T11:49:05.00+02:00
25.35,3.619,11.87,42.5252495,2.0338166,2021.20,9,1.24,2024-11-10T11:49:06.00+02:00
25.56,3.622,14.13,42.5253487,2.0337999,2023.20,9,1.24,2024-11-10T11:49:07.00+02:00
25.35,3.616,14.13,42.5253487,2.0337999,2023.20,9,1.24,2024-11-10T11:49:08.00+02:00
25.56,3.620,14.13,42.5253487,2.0337999,2023.20,9,1.24,2024-11-10T11:49:09.00+02:00
25.69,3.616,13.11,42.5253487,2.0337999,2023.20,9,1.24,2024-11-10T11:49:10.00+02:00
25.35,3.613,13.11,42.5253487,2.0337999,2023.20,9,1.24,2024-11-10T11:49:11.00+02:00
24.79,3.613,13.11,42.5253487,2.0337999,2023.20,9,1.24,2024-11-10T11:49:12.00+02:00
25.22,3.620,13.06,42.5255318,2.0337334,2026.70,9,1.24,2024-11-10T11:49:13.00+02:00
25.35,3.614,13.06,42.5255318,2.0337334,2026.70,9,1.24,2024-11-10T11:49:14.00+02:00
25.35,3.614,11.72,42.5255318,2.0337334,2026.70,9,1.24,2024-11-10T11:49:15.00+02:00
25.22,3.615,11.72,42.5255318,2.0337334,2026.70,9,1.24,2024-11-10T11:49:16.00+02:00
24.79,3.610,11.65,42.5255661,2.0337167,2028.20,8,1.30,2024-11-10T11:49:17.00+02:00
25.22,3.613,11.65,42.5255661,2.0337167,2028.20,8,1.30,2024-11-10T11:49:18.00+02:00
25.91,3.613,14.30,42.5256844,2.0336833,2030.00,8,1.32,2024-11-10T11:49:19.00+02:00
25.56,3.615,11.69,42.5256844,2.0336833,2030.00,8,1.32,2024-11-10T11:49:20.00+02:00
25.35,3.611,11.69,42.5256844,2.0336833,2030.00,8,1.32,2024-11-10T11:49:21.00+02:00
25.69,3.608,11.69,42.5256844,2.0336833,2030.00,8,1.32,2024-11-10T11:49:22.00+02:00
25.14,3.607,12.98,42.5256844,2.0336833,2030.00,8,1.32,2024-11-10T11:49:23.00+02:00
25.69,3.608,12.98,42.5256844,2.0336833,2030.00,8,1.32,2024-11-10T11:49:24.00+02:00
25.35,3.609,7.89,42.5256844,2.0336833,2030.00,8,1.32,2024-11-10T11:49:25.00+02:00
24.87,3.610,7.89,42.5256844,2.0336833,2030.00,8,1.32,2024-11-10T11:49:26.00+02:00
25.56,3.610,12.22,42.5259171,2.0335500,2033.50,7,1.40,2024-11-10T11:49:27.00+02:00
25.14,3.605,12.22,42.5259171,2.0335500,2033.50,7,1.40,2024-11-10T11:49:28.00+02:00
25.00,3.608,12.65,42.5259171,2.0335500,2033.50,7,1.40,2024-11-10T11:49:29.00+02:00
25.35,3.604,11.98,42.5259171,2.0335500,2033.50,7,1.40,2024-11-10T11:49:30.00+02:00
25.14,3.600,11.52,42.5259171,2.0335500,2033.50,7,1.40,2024-11-10T11:49:31.00+02:00
25.22,3.605,11.52,42.5259171,2.0335500,2033.50,7,1.40,2024-11-10T11:49:32.00+02:00
25.00,3.604,11.81,42.5259171,2.0335500,2033.50,7,1.40,2024-11-10T11:49:33.00+02:00
25.14,3.602,11.81,42.5259171,2.0335500,2033.50,7,1.40,2024-11-10T11:49:34.00+02:00
25.56,3.607,11.81,42.5259171,2.0335500,2033.50,7,1.40,2024-11-10T11:49:35.00+02:00
25.35,3.603,10.56,42.5261993,2.0333834,2036.20,7,1.40,2024-11-10T11:49:36.00+02:00
25.35,3.603,10.56,42.5261993,2.0333834,2036.20,7,1.40,2024-11-10T11:49:37.00+02:00
25.35,3.599,10.56,42.5261993,2.0333834,2036.20,7,1.40,2024-11-10T11:49:38.00+02:00
25.35,3.598,10.52,42.5261993,2.0333834,2036.20,7,1.40,2024-11-10T11:49:39.00+02:00
25.69,3.596,12.02,42.5261993,2.0333834,2036.20,7,1.40,2024-11-10T11:49:40.00+02:00
25.00,3.598,12.02,42.5261993,2.0333834,2036.20,7,1.40,2024-11-10T11:49:41.00+02:00
25.22,3.600,12.02,42.5261993,2.0333834,2036.20,7,1.40,2024-11-10T11:49:42.00+02:00
25.35,3.598,7.09,42.5263672,2.0333333,2037.80,8,1.30,2024-11-10T11:49:43.00+02:00
25.00,3.596,7.09,42.5263672,2.0333333,2037.80,8,1.30,2024-11-10T11:49:44.00+02:00
25.00,3.596,7.09,42.5263672,2.0333333,2037.80,8,1.30,2024-11-10T11:49:45.00+02:00
25.22,3.598,7.09,42.5263672,2.0333333,2037.80,8,1.30,2024-11-10T11:49:46.00+02:00
25.35,3.594,7.89,42.5264511,2.0332999,2038.00,8,1.30,2024-11-10T11:49:47.00+02:00
25.56,3.595,7.89,42.5264511,2.0332999,2038.00,8,1.30,2024-11-10T11:49:48.00+02:00
25.56,3.595,8.63,42.5265007,2.0332832,2038.30,8,1.30,2024-11-10T11:49:49.00+02:00
25.22,3.593,11.65,42.5265007,2.0332832,2038.30,8,1.30,2024-11-10T11:49:50.00+02:00
25.22,3.592,11.65,42.5265007,2.0332832,2038.30,8,1.30,2024-11-10T11:49:51.00+02:00
25.00,3.589,11.65,42.5265007,2.0332832,2038.30,8,1.30,2024-11-10T11:49:52.00+02:00
24.79,3.588,10.94,42.5266342,2.0332167,2040.00,8,1.30,2024-11-10T11:49:53.00+02:00
25.35,3.591,10.94,42.5266342,2.0332167,2040.00,8,1.30,2024-11-10T11:49:54.00+02:00
24.45,3.587,10.94,42.5266342,2.0332167,2040.00,8,1.30,2024-11-10T11:49:55.00+02:00
25.00,3.588,10.94,42.5266342,2.0332167,2040.00,8,1.30,2024-11-10T11:49:56.00+02:00
24.79,3.585,9.13,42.5267334,2.0331666,2041.70,8,1.30,2024-11-10T11:49:57.00+02:00
25.22,3.588,9.13,42.5267334,2.0331666,2041.70,8,1.30,2024-11-10T11:49:58.00+02:00
25.00,3.588,10.39,42.5267830,2.0331500,2042.60,8,1.32,2024-11-10T11:49:59.00+02:00
25.56,3.590,10.39,42.5267830,2.0331500,2042.60,8,1.32,2024-11-10T11:50:00.00+02:00
25.22,3.590,10.39,42.5267830,2.0331500,2042.60,8,1.32,2024-11-10T11:50:01.00+02:00
25.22,3.590,10.39,42.5267830,2.0331500,2042.60,8,1.32,2024-11-10T11:50:02.00+02:00
25.00,3.586,9.07,42.5268822,2.0331166,2044.80,8,1.30,2024-11-10T11:50:03.00+02:00
25.00,3.584,9.07,42.5268822,2.0331166,2044.80,8,1.30,2024-11-10T11:50:04.00+02:00
25.22,3.587,9.07,42.5268822,2.0331166,2044.80,8,1.30,2024-11-10T11:50:05.00+02:00
25.35,3.581,13.22,42.5269852,2.0330667,2046.30,8,1.30,2024-11-10T11:50:06.00+02:00
24.66,3.583,13.22,42.5269852,2.0330667,2046.30,8,1.30,2024-11-10T11:50:07.00+02:00
25.22,3.583,13.22,42.5269852,2.0330667,2046.30,8,1.30,2024-11-10T11:50:08.00+02:00
25.22,3.583,14.20,42.5270844,2.0330167,2047.70,7,1.42,2024-11-10T11:50:09.00+02:00
25.69,3.581,12.44,42.5270844,2.0330167,2047.70,7,1.42,2024-11-10T11:50:10.00+02:00
24.79,3.577,12.44,42.5270844,2.0330167,2047.70,7,1.42,2024-11-10T11:50:11.00+02:00
25.56,3.582,10.93,42.5271492,2.0330000,2048.80,8,1.30,2024-11-10T11:50:12.00+02:00
25.22,3.582,10.93,42.5271492,2.0330000,2048.80,8,1.30,2024-11-10T11:50:13.00+02:00
25.35,3.578,9.72,42.5271988,2.0329833,2049.70,8,1.30,2024-11-10T11:50:14.00+02:00
25.00,3.578,10.28,42.5271988,2.0329833,2049.70,8,1.30,2024-11-10T11:50:15.00+02:00
25.35,3.574,10.28,42.5272331,2.0329666,2050.50,8,1.30,2024-11-10T11:50:16.00+02:00
25.22,3.577,10.28,42.5272331,2.0329666,2050.50,8,1.30,2024-11-10T11:50:17.00+02:00
24.79,3.570,10.28,42.5272331,2.0329666,2050.50,8,1.30,2024-11-10T11:50:18.00+02:00
24.79,3.570,11.78,42.5273018,2.0329499,2051.40,8,1.30,2024-11-10T11:50:19.00+02:00
25.35,3.573,10.31,42.5273018,2.0329499,2051.40,8,1.30,2024-11-10T11:50:20.00+02:00
25.35,3.573,10.31,42.5273018,2.0329499,2051.40,8,1.30,2024-11-10T11:50:21.00+02:00
25.22,3.573,9.46,42.5273514,2.0329332,2052.00,8,1.32,2024-11-10T11:50:22.00+02:00
25.22,3.573,9.46,42.5273514,2.0329332,2052.00,8,1.32,2024-11-10T11:50:23.00+02:00
25.56,3.572,9.46,42.5273514,2.0329332,2052.00,8,1.32,2024-11-10T11:50:24.00+02:00
24.58,3.563,9.46,42.5273514,2.0329332,2052.00,8,1.32,2024-11-10T11:50:25.00+02:00
24.87,3.572,12.59,42.5273514,2.0329332,2052.00,8,1.32,2024-11-10T11:50:26.00+02:00
25.22,3.570,12.59,42.5273514,2.0329332,2052.00,8,1.32,2024-11-10T11:50:27.00+02:00
25.00,3.564,12.22,42.5275002,2.0328667,2053.90,7,2.59,2024-11-10T11:50:28.00+02:00
24.79,3.565,12.22,42.5275002,2.0328667,2053.90,7,2.59,2024-11-10T11:50:29.00+02:00
25.00,3.566,10.87,42.5275002,2.0328667,2053.90,7,2.59,2024-11-10T11:50:30.00+02:00
25.00,3.564,10.87,42.5275002,2.0328667,2053.90,7,2.59,2024-11-10T11:50:31.00+02:00
25.35,3.563,10.91,42.5275002,2.0328667,2053.90,7,2.59,2024-11-10T11:50:32.00+02:00
25.22,3.567,10.91,42.5275002,2.0328667,2053.90,7,2.59,2024-11-10T11:50:33.00+02:00
25.00,3.563,12.85,42.5277481,2.0327334,2054.80,8,1.30,2024-11-10T11:50:34.00+02:00
25.22,3.565,10.50,42.5277481,2.0327334,2054.80,8,1.30,2024-11-10T11:50:35.00+02:00
24.66,3.559,10.50,42.5277481,2.0327334,2054.80,8,1.30,2024-11-10T11:50:36.00+02:00
25.22,3.565,10.50,42.5277481,2.0327334,2054.80,8,1.30,2024-11-10T11:50:37.00+02:00
25.22,3.563,11.02,42.5278816,2.0326834,2055.10,8,1.32,2024-11-10T11:50:38.00+02:00
25.00,3.558,11.02,42.5278816,2.0326834,2055.10,8,1.32,2024-11-10T11:50:39.00+02:00
25.22,3.560,12.57,42.5278816,2.0326834,2055.10,8,1.32,2024-11-10T11:50:40.00+02:00
25.00,3.558,12.57,42.5278816,2.0326834,2055.10,8,1.32,2024-11-10T11:50:41.00+02:00
24.66,3.558,14.31,42.5278816,2.0326834,2055.10,8,1.32,2024-11-10T11:50:42.00+02:00
25.56,3.562,14.31,42.5278816,2.0326834,2055.10,8,1.32,2024-11-10T11:50:43.00+02:00
25.22,3.558,11.24,42.5280838,2.0325832,2056.40,8,2.26,2024-11-10T11:50:44.00+02:00
25.00,3.551,9.85,42.5280838,2.0325832,2056.40,8,2.26,2024-11-10T11:50:45.00+02:00
25.14,3.548,11.76,42.5280838,2.0325832,2056.40,8,2.26,2024-11-10T11:50:46.00+02:00
25.22,3.553,11.76,42.5280838,2.0325832,2056.40,8,2.26,2024-11-10T11:50:47.00+02:00
25.00,3.553,13.41,42.5281830,2.0325501,2057.30,9,1.20,2024-11-10T11:50:48.00+02:00
25.22,3.553,13.41,42.5281830,2.0325501,2057.30,9,1.20,2024-11-10T11:50:49.00+02:00
25.00,3.549,11.89,42.5281830,2.0325501,2057.30,9,1.20,2024-11-10T11:50:50.00+02:00
25.22,3.553,11.89,42.5281830,2.0325501,2057.30,9,1.20,2024-11-10T11:50:51.00+02:00
25.00,3.546,9.44,42.5281830,2.0325501,2057.30,9,1.20,2024-11-10T11:50:52.00+02:00
25.00,3.548,9.44,42.5281830,2.0325501,2057.30,9,1.20,2024-11-10T11:50:53.00+02:00
25.22,3.548,10.09,42.5283852,2.0324667,2056.20,9,2.09,2024-11-10T11:50:54.00+02:00
25.35,3.548,11.13,42.5283852,2.0324667,2056.20,9,2.09,2024-11-10T11:50:55.00+02:00
25.00,3.548,9.31,42.5283852,2.0324667,2056.20,9,2.09,2024-11-10T11:50:56.00+02:00
25.35,3.548,9.31,42.5283852,2.0324667,2056.20,9,2.09,2024-11-10T11:50:57.00+02:00
25.00,3.544,9.41,42.5283852,2.0324667,2056.20,9,2.09,2024-11-10T11:50:58.00+02:00
25.22,3.548,9.41,42.5283852,2.0324667,2056.20,9,2.09,2024-11-10T11:50:59.00+02:00
25.35,3.543,9.41,42.5283852,2.0324667,2056.20,9,2.09,2024-11-10T11:51:00.00+02:00
25.00,3.543,9.41,42.5283852,2.0324667,2056.20,9,2.09,2024-11-10T11:51:01.00+02:00
25.00,3.539,10.91,42.5283852,2.0324667,2056.20,9,2.09,2024-11-10T11:51:02.00+02:00
24.87,3.542,10.91,42.5283852,2.0324667,2056.20,9,2.09,2024-11-10T11:51:03.00+02:00
25.22,3.542,11.89,42.5285988,2.0323834,2058.90,8,2.52,2024-11-10T11:51:04.00+02:00
25.22,3.542,11.85,42.5285988,2.0323834,2058.90,8,2.52,2024-11-10T11:51:05.00+02:00
25.22,3.538,9.37,42.5285988,2.0323834,2058.90,8,2.52,2024-11-10T11:51:06.00+02:00
25.00,3.538,9.37,42.5285988,2.0323834,2058.90,8,2.52,2024-11-10T11:51:07.00+02:00
24.66,3.536,11.52,42.5285988,2.0323834,2058.90,8,2.52,2024-11-10T11:51:08.00+02:00
24.66,3.534,11.52,42.5285988,2.0323834,2058.90,8,2.52,2024-11-10T11:51:09.00+02:00
25.22,3.538,10.83,42.5285988,2.0323834,2058.90,8,2.52,2024-11-10T11:51:10.00+02:00
25.22,3.537,10.83,42.5285988,2.0323834,2058.90,8,2.52,2024-11-10T11:51:11.00+02:00
25.00,3.531,12.15,42.5285988,2.0323834,2058.90,8,2.52,2024-11-10T11:51:12.00+02:00
24.66,3.531,12.15,42.5285988,2.0323834,2058.90,8,2.52,2024-11-10T11:51:13.00+02:00
25.56,3.535,12.81,42.5285988,2.0323834,2058.90,8,2.52,2024-11-10T11:51:14.00+02:00
25.22,3.533,10.46,42.5285988,2.0323834,2058.90,8,2.52,2024-11-10T11:51:15.00+02:00
24.66,3.529,10.46,42.5285988,2.0323834,2058.90,8,2.52,2024-11-10T11:51:16.00+02:00
25.00,3.529,10.46,42.5285988,2.0323834,2058.90,8,2.52,2024-11-10T11:51:17.00+02:00
25.56,3.525,11.94,42.5285988,2.0323834,2058.90,8,2.52,2024-11-10T11:51:18.00+02:00
24.32,3.526,11.94,42.5285988,2.0323834,2058.90,8,2.52,2024-11-10T11:51:19.00+02:00
25.22,3.528,12.69,42.5285988,2.0323834,2058.90,8,2.52,2024-11-10T11:51:20.00+02:00
24.79,3.522,12.69,42.5285988,2.0323834,2058.90,8,2.52,2024-11-10T11:51:21.00+02:00
25.00,3.521,13.46,42.5285988,2.0323834,2058.90,8,2.52,2024-11-10T11:51:22.00+02:00
25.00,3.522,13.46,42.5285988,2.0323834,2058.90,8,2.52,2024-11-10T11:51:23.00+02:00
24.45,3.518,13.07,42.5285988,2.0323834,2058.90,8,2.52,2024-11-10T11:51:24.00+02:00
24.87,3.523,15.02,42.5285988,2.0323834,2058.90,8,2.52,2024-11-10T11:51:25.00+02:00
25.22,3.522,15.02,42.5285988,2.0323834,2058.90,8,2.52,2024-11-10T11:51:26.00+02:00
24.53,3.520,15.02,42.5285988,2.0323834,2058.90,8,2.52,2024-11-10T11:51:27.00+02:00
25.22,3.520,13.17,42.5285988,2.0323834,2058.90,8,2.52,2024-11-10T11:51:28.00+02:00
24.66,3.517,13.17,42.5285988,2.0323834,2058.90,8,2.52,2024-11-10T11:51:29.00+02:00
24.66,3.512,11.83,42.5285988,2.0323834,2058.90,8,2.52,2024-11-10T11:51:30.00+02:00
24.66,3.514,11.83,42.5285988,2.0323834,2058.90,8,2.52,2024-11-10T11:51:31.00+02:00
25.00,3.512,12.17,42.5294685,2.0319834,2078.00,8,2.26,2024-11-10T11:51:32.00+02:00
25.00,3.512,12.17,42.5294685,2.0319834,2078.00,8,2.26,2024-11-10T11:51:33.00+02:00
25.00,3.511,13.17,42.5294685,2.0319834,2078.00,8,2.26,2024-11-10T11:51:34.00+02:00
24.79,3.510,11.19,42.5294685,2.0319834,2078.00,8,2.26,2024-11-10T11:51:35.00+02:00
24.87,3.512,10.80,42.5294685,2.0319834,2078.00,8,2.26,2024-11-10T11:51:36.00+02:00
24.87,3.508,10.80,42.5294685,2.0319834,2078.00,8,2.26,2024-11-10T11:51:37.00+02:00
25.35,3.506,10.04,42.5294685,2.0319834,2078.00,8,2.26,2024-11-10T11:51:38.00+02:00
25.00,3.506,10.04,42.5294685,2.0319834,2078.00,8,2.26,2024-11-10T11:51:39.00+02:00
25.00,3.502,10.04,42.5294685,2.0319834,2078.00,8,2.26,2024-11-10T11:51:40.00+02:00
24.66,3.504,10.04,42.5294685,2.0319834,2078.00,8,2.26,2024-11-10T11:51:41.00+02:00
24.66,3.504,12.00,42.5297318,2.0318832,2085.20,9,1.38,2024-11-10T11:51:42.00+02:00
25.00,3.504,12.00,42.5297318,2.0318832,2085.20,9,1.38,2024-11-10T11:51:43.00+02:00
24.79,3.500,9.50,42.5297318,2.0318832,2085.20,9,1.38,2024-11-10T11:51:44.00+02:00
24.66,3.499,10.54,42.5297318,2.0318832,2085.20,9,1.38,2024-11-10T11:51:45.00+02:00
24.24,3.493,11.00,42.5297318,2.0318832,2085.20,9,1.38,2024-11-10T11:51:46.00+02:00
24.66,3.497,11.00,42.5297318,2.0318832,2085.20,9,1.38,2024-11-10T11:51:47.00+02:00
25.00,3.494,11.61,42.5297318,2.0318832,2085.20,9,1.38,2024-11-10T11:51:48.00+02:00
25.35,3.494,11.61,42.5297318,2.0318832,2085.20,9,1.38,2024-11-10T11:51:49.00+02:00
25.00,3.496,11.63,42.5297318,2.0318832,2085.20,9,1.38,2024-11-10T11:51:50.00+02:00
24.87,3.497,11.63,42.5297318,2.0318832,2085.20,9,1.38,2024-11-10T11:51:51.00+02:00
25.00,3.492,10.57,42.5299988,2.0317667,2093.60,9,1.33,2024-11-10T11:51:52.00+02:00
24.66,3.494,10.57,42.5299988,2.0317667,2093.60,9,1.33,2024-11-10T11:51:53.00+02:00
25.56,3.491,10.56,42.5299988,2.0317667,2093.60,9,1.33,2024-11-10T11:51:54.00+02:00
24.53,3.490,11.61,42.5299988,2.0317667,2093.60,9,1.33,2024-11-10T11:51:55.00+02:00
24.66,3.487,11.61,42.5299988,2.0317667,2093.60,9,1.33,2024-11-10T11:51:56.00+02:00
25.00,3.489,11.61,42.5299988,2.0317667,2093.60,9,1.33,2024-11-10T11:51:57.00+02:00
25.22,3.490,11.35,42.5299988,2.0317667,2093.60,9,1.33,2024-11-10T11:51:58.00+02:00
24.66,3.487,11.35,42.5299988,2.0317667,2093.60,9,1.33,2024-11-10T11:51:59.00+02:00
25.00,3.486,11.13,42.5299988,2.0317667,2093.60,9,1.33,2024-11-10T11:52:00.00+02:00
24.66,3.484,11.13,42.5299988,2.0317667,2093.60,9,1.33,2024-11-10T11:52:01.00+02:00
25.00,3.482,11.80,42.5299988,2.0317667,2093.60,9,1.33,2024-11-10T11:52:02.00+02:00
24.45,3.480,11.80,42.5299988,2.0317667,2093.60,9,1.33,2024-11-10T11:52:03.00+02:00
25.00,3.482,12.67,42.5299988,2.0317667,2093.60,9,1.33,2024-11-10T11:52:04.00+02:00
24.87,3.485,11.65,42.5299988,2.0317667,2093.60,9,1.33,2024-11-10T11:52:05.00+02:00
24.87,3.483,11.65,42.5299988,2.0317667,2093.60,9,1.33,2024-11-10T11:52:06.00+02:00
24.87,3.485,11.65,42.5299988,2.0317667,2093.60,9,1.33,2024-11-10T11:52:07.00+02:00
24.87,3.476,8.24,42.5299988,2.0317667,2093.60,9,1.33,2024-11-10T11:52:08.00+02:00
25.00,3.477,8.24,42.5299988,2.0317667,2093.60,9,1.33,2024-11-10T11:52:09.00+02:00
24.66,3.474,10.33,42.5299988,2.0317667,2093.60,9,1.33,2024-11-10T11:52:10.00+02:00
24.66,3.474,10.33,42.5299988,2.0317667,2093.60,9,1.33,2024-11-10T11:52:11.00+02:00
25.00,3.474,11.96,42.5299988,2.0317667,2093.60,9,1.33,2024-11-10T11:52:12.00+02:00
25.22,3.475,11.96,42.5299988,2.0317667,2093.60,9,1.33,2024-11-10T11:52:13.00+02:00
25.00,3.469,11.72,42.5305481,2.0314834,2108.30,9,1.38,2024-11-10T11:52:14.00+02:00
25.00,3.469,12.93,42.5305481,2.0314834,2108.30,9,1.38,2024-11-10T11:52:15.00+02:00
24.32,3.466,14.00,42.5305481,2.0314834,2108.30,9,1.38,2024-11-10T11:52:16.00+02:00
24.66,3.466,14.00,42.5305481,2.0314834,2108.30,9,1.38,2024-11-10T11:52:17.00+02:00
24.53,3.463,13.91,42.5305481,2.0314834,2108.30,9,1.38,2024-11-10T11:52:18.00+02:00
24.66,3.462,13.91,42.5305481,2.0314834,2108.30,9,1.38,2024-11-10T11:52:19.00+02:00
24.53,3.466,13.91,42.5305481,2.0314834,2108.30,9,1.38,2024-11-10T11:52:20.00+02:00
25.22,3.466,13.91,42.5305481,2.0314834,2108.30,9,1.38,2024-11-10T11:52:21.00+02:00
24.87,3.465,10.31,42.5305481,2.0314834,2108.30,9,1.38,2024-11-10T11:52:22.00+02:00
24.87,3.461,10.31,42.5305481,2.0314834,2108.30,9,1.38,2024-11-10T11:52:23.00+02:00
24.24,3.453,11.07,42.5308685,2.0313499,2117.60,10,1.30,2024-11-10T11:52:24.00+02:00
24.87,3.460,11.07,42.5308685,2.0313499,2117.60,10,1.30,2024-11-10T11:52:25.00+02:00
24.87,3.458,14.22,42.5308685,2.0313499,2117.60,10,1.30,2024-11-10T11:52:26.00+02:00
24.87,3.458,14.22,42.5308685,2.0313499,2117.60,10,1.30,2024-11-10T11:52:27.00+02:00
24.53,3.456,13.11,42.5308685,2.0313499,2117.60,10,1.30,2024-11-10T11:52:28.00+02:00
24.32,3.454,13.11,42.5308685,2.0313499,2117.60,10,1.30,2024-11-10T11:52:29.00+02:00
24.66,3.454,13.11,42.5308685,2.0313499,2117.60,10,1.30,2024-11-10T11:52:30.00+02:00
25.00,3.452,13.11,42.5308685,2.0313499,2117.60,10,1.30,2024-11-10T11:52:31.00+02:00
25.22,3.448,9.87,42.5308685,2.0313499,2117.60,10,1.30,2024-11-10T11:52:32.00+02:00
24.66,3.447,9.87,42.5308685,2.0313499,2117.60,10,1.30,2024-11-10T11:52:33.00+02:00
25.00,3.447,11.39,42.5311508,2.0312500,2123.20,9,1.38,2024-11-10T11:52:34.00+02:00
24.66,3.447,11.39,42.5311508,2.0312500,2123.20,9,1.38,2024-11-10T11:52:35.00+02:00
24.53,3.446,11.44,42.5311508,2.0312500,2123.20,9,1.38,2024-11-10T11:52:36.00+02:00
24.66,3.446,11.44,42.5311508,2.0312500,2123.20,9,1.38,2024-11-10T11:52:37.00+02:00
24.32,3.442,10.48,42.5311508,2.0312500,2123.20,9,1.38,2024-11-10T11:52:38.00+02:00
24.87,3.443,10.48,42.5311508,2.0312500,2123.20,9,1.38,2024-11-10T11:52:39.00+02:00
24.32,3.439,10.48,42.5311508,2.0312500,2123.20,9,1.38,2024-11-10T11:52:40.00+02:00
24.66,3.439,10.48,42.5311508,2.0312500,2123.20,9,1.38,2024-11-10T11:52:41.00+02:00
24.53,3.438,13.37,42.5311508,2.0312500,2123.20,9,1.38,2024-11-10T11:52:42.00+02:00
24.87,3.438,13.37,42.5311508,2.0312500,2123.20,9,1.38,2024-11-10T11:52:43.00+02:00
24.32,3.434,13.69,42.5314331,2.0310833,2127.00,11,0.94,2024-11-10T11:52:44.00+02:00
25.08,3.439,18.59,42.5314331,2.0310833,2127.00,11,0.94,2024-11-10T11:52:45.00+02:00
24.45,3.427,18.59,42.5314331,2.0310833,2127.00,11,0.94,2024-11-10T11:52:46.00+02:00
24.79,3.427,18.59,42.5314331,2.0310833,2127.00,11,0.94,2024-11-10T11:52:47.00+02:00
24.87,3.430,11.81,42.5315666,2.0310166,2128.20,11,0.93,2024-11-10T11:52:48.00+02:00
25.00,3.426,11.81,42.5315666,2.0310166,2128.20,11,0.93,2024-11-10T11:52:49.00+02:00
24.66,3.426,11.81,42.5315666,2.0310166,2128.20,11,0.93,2024-11-10T11:52:50.00+02:00
24.66,3.424,11.81,42.5315666,2.0310166,2128.20,11,0.93,2024-11-10T11:52:51.00+02:00
24.66,3.424,0.00,42.5315666,2.0310166,2128.90,11,0.93,2024-11-10T11:52:52.00+02:00
24.53,3.423,0.00,42.5315666,2.0310166,2128.90,11,0.93,2024-11-10T11:52:53.00+02:00
24.45,3.417,0.00,42.5315666,2.0310166,2128.90,11,0.93,2024-11-10T11:52:54.00+02:00
24.24,3.414,0.00,42.5315666,2.0310166,2128.90,11,0.93,2024-11-10T11:52:55.00+02:00
24.32,3.419,0.00,42.5315666,2.0310166,2128.90,9,0.99,2024-11-10T11:52:56.00+02:00
23.89,3.414,0.00,42.5315666,2.0310166,2128.90,9,0.99,2024-11-10T11:52:57.00+02:00
24.66,3.414,0.00,42.5315666,2.0310166,2128.90,9,0.99,2024-11-10T11:52:58.00+02:00
24.53,3.421,0.00,42.5315666,2.0310166,2128.90,10,0.85,2024-11-10T11:52:59.00+02:00
24.53,3.411,0.00,42.5315666,2.0310166,2128.90,10,0.85,2024-11-10T11:53:00.00+02:00
24.32,3.407,0.00,42.5315666,2.0310166,2128.90,10,0.85,2024-11-10T11:53:01.00+02:00
24.11,3.403,0.00,42.5315666,2.0310166,2128.90,10,0.85,2024-11-10T11:53:02.00+02:00
23.89,3.401,0.00,42.5315666,2.0310166,2128.90,10,0.85,2024-11-10T11:53:03.00+02:00
24.66,3.402,0.00,42.5315666,2.0310166,2128.90,11,0.84,2024-11-10T11:53:04.00+02:00
24.66,3.404,0.00,42.5315666,2.0310166,2128.90,11,0.84,2024-11-10T11:53:05.00+02:00
24.53,3.403,0.00,42.5315666,2.0310166,2128.90,11,0.84,2024-11-10T11:53:06.00+02:00
24.87,3.401,0.00,42.5315666,2.0310166,2128.90,11,0.84,2024-11-10T11:53:07.00+02:00
24.11,3.397,0.00,42.5315666,2.0310166,2128.90,11,0.84,2024-11-10T11:53:08.00+02:00
24.03,3.390,0.00,42.5315666,2.0310166,2128.90,12,0.79,2024-11-10T11:53:09.00+02:00
24.66,3.396,0.00,42.5315666,2.0310166,2128.90,12,0.79,2024-11-10T11:53:10.00+02:00
24.66,3.396,0.00,42.5315666,2.0310166,2128.90,12,0.79,2024-11-10T11:53:11.00+02:00
24.66,3.391,0.00,42.5315666,2.0310166,2128.90,12,0.79,2024-11-10T11:53:12.00+02:00
24.87,3.391,0.00,42.5315666,2.0310166,2128.90,12,0.79,2024-11-10T11:53:13.00+02:00
24.66,3.386,0.00,42.5315666,2.0310166,2128.90,12,0.79,2024-11-10T11:53:14.00+02:00
24.32,3.387,0.00,42.5315666,2.0310166,2128.90,12,0.79,2024-11-10T11:53:15.00+02:00
24.66,3.384,0.00,42.5315666,2.0310166,2128.90,12,0.79,2024-11-10T11:53:16.00+02:00
24.32,3.384,0.00,42.5315666,2.0310166,2128.90,12,0.79,2024-11-10T11:53:17.00+02:00
24.32,3.381,0.00,42.5315666,2.0310166,2128.90,12,0.79,2024-11-10T11:53:18.00+02:00
24.32,3.379,0.00,42.5315666,2.0310166,2128.90,12,0.79,2024-11-10T11:53:19.00+02:00
24.66,3.377,0.00,42.5315666,2.0310166,2128.90,12,0.79,2024-11-10T11:53:20.00+02:00
24.87,3.378,0.00,42.5315666,2.0310166,2128.90,12,0.79,2024-11-10T11:53:21.00+02:00
24.66,3.374,0.00,42.5315666,2.0310166,2128.90,12,0.79,2024-11-10T11:53:22.00+02:00
24.45,3.370,0.00,42.5315666,2.0310166,2128.90,12,0.79,2024-11-10T11:53:23.00+02:00
24.66,3.371,0.00,42.5315666,2.0310166,2128.90,12,0.79,2024-11-10T11:53:24.00+02:00
24.11,3.367,0.00,42.5315666,2.0310166,2128.90,12,0.79,2024-11-10T11:53:25.00+02:00
24.87,3.366,0.00,42.5315666,2.0310166,2128.90,12,0.79,2024-11-10T11:53:26.00+02:00
24.66,3.364,0.00,42.5315666,2.0310166,2128.90,12,0.79,2024-11-10T11:53:27.00+02:00
24.11,3.362,0.00,42.5315666,2.0310166,2128.90,12,0.79,2024-11-10T11:53:28.00+02:00
24.66,3.361,0.00,42.5315666,2.0310166,2128.90,13,0.74,2024-11-10T11:53:29.00+02:00
24.66,3.362,0.00,42.5315666,2.0310166,2128.90,13,0.74,2024-11-10T11:53:30.00+02:00
24.87,3.363,0.00,42.5315666,2.0310166,2128.90,13,0.74,2024-11-10T11:53:31.00+02:00
25.00,3.357,0.00,42.5315666,2.0310166,2128.90,13,0.74,2024-11-10T11:53:32.00+02:00
25.43,3.360,0.00,42.5315666,2.0310166,2128.90,12,0.83,2024-11-10T11:53:33.00+02:00
24.79,3.350,0.00,42.5315666,2.0310166,2128.90,12,0.83,2024-11-10T11:53:34.00+02:00
24.11,3.347,0.00,42.5315666,2.0310166,2128.90,12,0.83,2024-11-10T11:53:35.00+02:00
24.66,3.356,0.00,42.5315666,2.0310166,2128.90,12,0.83,2024-11-10T11:53:36.00+02:00
24.24,3.344,0.00,42.5315666,2.0310166,2128.90,12,0.83,2024-11-10T11:53:37.00+02:00
25.27,3.348,0.00,42.5315666,2.0310166,2128.90,12,0.83,2024-11-10T11:53:38.00+02:00
24.58,3.343,0.00,42.5315666,2.0310166,2128.90,12,0.83,2024-11-10T11:53:39.00+02:00
24.24,3.338,0.00,42.5315666,2.0310166,2128.90,12,0.83,2024-11-10T11:53:40.00+02:00
24.24,3.338,0.00,42.5315666,2.0310166,2128.90,12,0.83,2024-11-10T11:53:41.00+02:00
24.71,3.337,0.00,42.5315666,2.0310166,2128.90,12,0.83,2024-11-10T11:53:42.00+02:00
24.69,3.326,0.00,42.5315666,2.0310166,2128.90,12,0.83,2024-11-10T11:53:43.00+02:00
24.69,3.327,0.00,42.5315666,2.0310166,2128.90,12,0.83,2024-11-10T11:53:44.00+02:00
24.22,3.328,0.00,42.5315666,2.0310166,2128.90,12,0.83,2024-11-10T11:53:45.00+02:00
24.53,3.316,0.00,42.5315666,2.0310166,2128.90,12,0.83,2024-11-10T11:53:46.00+02:00
24.69,3.326,0.00,42.5315666,2.0310166,2128.90,12,0.83,2024-11-10T11:53:47.00+02:00
24.82,3.325,0.00,42.5315666,2.0310166,2128.90,11,0.94,2024-11-10T11:53:48.00+02:00
24.61,3.321,0.00,42.5315666,2.0310166,2128.90,11,0.94,2024-11-10T11:53:49.00+02:00
24.72,3.311,0.00,42.5315666,2.0310166,2128.90,11,0.94,2024-11-10T11:53:50.00+02:00
25.14,3.315,0.00,42.5315666,2.0310166,2128.90,11,0.94,2024-11-10T11:53:51.00+02:00
24.32,3.324,0.00,42.5315666,2.0310166,2128.90,12,0.83,2024-11-10T11:53:52.00+02:00
24.25,3.313,0.00,42.5315666,2.0310166,2128.90,12,0.83,2024-11-10T11:53:53.00+02:00
24.43,3.309,0.00,42.5315666,2.0310166,2128.90,12,0.83,2024-11-10T11:53:54.00+02:00
25.32,3.310,0.00,42.5315666,2.0310166,2128.90,12,0.83,2024-11-10T11:53:55.00+02:00
25.19,3.307,0.00,42.5315666,2.0310166,2128.90,12,0.83,2024-11-10T11:53:56.00+02:00
24.83,3.299,0.00,42.5315666,2.0310166,2128.90,12,0.83,2024-11-10T11:53:57.00+02:00
24.28,3.292,0.00,42.5315666,2.0310166,2128.90,12,0.83,2024-11-10T11:53:58.00+02:00
24.56,3.300,0.00,42.5315666,2.0310166,2128.90,12,0.83,2024-11-10T11:53:59.00+02:00
24.33,3.287,0.00,42.5315666,2.0310166,2128.90,12,0.83,2024-11-10T11:54:00.00+02:00
24.62,3.292,0.00,42.5315666,2.0310166,2128.90,12,0.83,2024-11-10T11:54:01.00+02:00
24.75,3.291,0.00,42.5315666,2.0310166,2128.90,12,0.83,2024-11-10T11:54:02.00+02:00
24.41,3.294,0.00,42.5315666,2.0310166,2128.90,12,0.83,2024-11-10T11:54:03.00+02:00
23.99,3.285,0.00,42.5315666,2.0310166,2128.90,12,0.83,2024-11-10T11:54:04.00+02:00
24.62,3.288,0.00,42.5315666,2.0310166,2128.90,12,0.83,2024-11-10T11:54:05.00+02:00
24.46,3.283,0.00,42.5315666,2.0310166,2128.90,12,0.83,2024-11-10T11:54:06.00+02:00
24.65,3.282,0.00,42.5315666,2.0310166,2128.90,12,0.83,2024-11-10T11:54:07.00+02:00
24.18,3.276,0.00,42.5315666,2.0310166,2128.90,12,0.83,2024-11-10T11:54:08.00+02:00
24.44,3.282,0.00,42.5315666,2.0310166,2128.90,12,0.83,2024-11-10T11:54:09.00+02:00
23.82,3.267,0.00,42.5315666,2.0310166,2128.90,12,0.83,2024-11-10T11:54:10.00+02:00
24.49,3.278,0.00,42.5315666,2.0310166,2128.90,12,0.83,2024-11-10T11:54:11.00+02:00
24.13,3.259,0.00,42.5315666,2.0310166,2128.90,13,0.74,2024-11-10T11:54:12.00+02:00
24.19,3.251,0.00,42.5315666,2.0310166,2128.90,13,0.74,2024-11-10T11:54:13.00+02:00
24.13,3.259,0.00,42.5315666,2.0310166,2128.90,13,0.74,2024-11-10T11:54:14.00+02:00
23.37,3.244,0.00,42.5315666,2.0310166,2128.90,13,0.74,2024-11-10T11:54:15.00+02:00
24.21,3.257,0.00,42.5316010,2.0311334,2127.10,13,0.74,2024-11-10T11:54:16.00+02:00
24.34,3.255,0.00,42.5316010,2.0311334,2127.10,13,0.74,2024-11-10T11:54:17.00+02:00
24.26,3.259,0.00,42.5316010,2.0311334,2127.10,13,0.74,2024-11-10T11:54:18.00+02:00
24.26,3.252,0.00,42.5316010,2.0311334,2127.10,13,0.74,2024-11-10T11:54:19.00+02:00
23.61,3.227,3.69,42.5316010,2.0311334,2127.10,13,0.74,2024-11-10T11:54:20.00+02:00
23.85,3.244,3.69,42.5316010,2.0311334,2127.10,13,0.74,2024-11-10T11:54:21.00+02:00
22.93,3.216,0.00,42.5316010,2.0311334,2127.10,13,0.74,2024-11-10T11:54:22.00+02:00
23.91,3.240,0.00,42.5316010,2.0311334,2127.10,13,0.74,2024-11-10T11:54:23.00+02:00
23.96,3.240,0.00,42.5316010,2.0311334,2127.10,13,0.74,2024-11-10T11:54:24.00+02:00
24.50,3.238,0.00,42.5316010,2.0311334,2127.10,13,0.74,2024-11-10T11:54:25.00+02:00
24.01,3.230,0.00,42.5316010,2.0311334,2127.10,12,0.79,2024-11-10T11:54:26.00+02:00
24.05,3.214,0.00,42.5316010,2.0311334,2127.10,12,0.79,2024-11-10T11:54:27.00+02:00
24.53,3.223,0.00,42.5316010,2.0311334,2127.10,12,0.79,2024-11-10T11:54:28.00+02:00
23.86,3.221,0.00,42.5316010,2.0311334,2127.10,12,0.79,2024-11-10T11:54:29.00+02:00
24.12,3.214,0.00,42.5316010,2.0311334,2127.10,12,0.79,2024-11-10T11:54:30.00+02:00
23.49,3.198,0.00,42.5316010,2.0311334,2127.10,12,0.79,2024-11-10T11:54:31.00+02:00
24.61,3.209,0.00,42.5316010,2.0311334,2127.10,12,0.79,2024-11-10T11:54:32.00+02:00
24.43,3.210,0.00,42.5316010,2.0311334,2127.10,12,0.79,2024-11-10T11:54:33.00+02:00
23.82,3.205,0.00,42.5316010,2.0311334,2127.10,12,0.79,2024-11-10T11:54:34.00+02:00
24.46,3.190,0.00,42.5316010,2.0311334,2127.10,12,0.79,2024-11-10T11:54:35.00+02:00
23.80,3.198,0.00,42.5316010,2.0311334,2127.10,12,0.79,2024-11-10T11:54:36.00+02:00
23.83,3.179,3.85,42.5316010,2.0311334,2127.10,12,0.79,2024-11-10T11:54:37.00+02:00
23.89,3.171,3.85,42.5316010,2.0311334,2127.10,12,0.79,2024-11-10T11:54:38.00+02:00
23.96,3.172,0.00,42.5316505,2.0312667,2128.30,13,0.74,2024-11-10T11:54:39.00+02:00
23.54,3.161,0.00,42.5316505,2.0312667,2128.30,13,0.74,2024-11-10T11:54:40.00+02:00
23.81,3.163,0.00,42.5316505,2.0312667,2128.30,13,0.74,2024-11-10T11:54:41.00+02:00
24.07,3.163,0.00,42.5316505,2.0312667,2128.30,13,0.74,2024-11-10T11:54:42.00+02:00
24.59,3.161,0.00,42.5316505,2.0312667,2128.20,13,0.74,2024-11-10T11:54:43.00+02:00
24.17,3.152,0.00,42.5316505,2.0312667,2128.20,13,0.74,2024-11-10T11:54:44.00+02:00
23.85,3.146,0.00,42.5316505,2.0312667,2128.20,13,0.74,2024-11-10T11:54:45.00+02:00
24.10,3.142,0.00,42.5316505,2.0312667,2128.20,13,0.74,2024-11-10T11:54:46.00+02:00
23.63,3.136,0.00,42.5316505,2.0312667,2128.20,13,0.74,2024-11-10T11:54:47.00+02:00
23.68,3.130,0.00,42.5316505,2.0312667,2128.20,13,0.74,2024-11-10T11:54:48.00+02:00
23.86,3.123,0.00,42.5316505,2.0312667,2128.20,13,0.74,2024-11-10T11:54:49.00+02:00
24.60,3.114,0.00,42.5316505,2.0312667,2128.20,13,0.74,2024-11-10T11:54:50.00+02:00
24.85,3.110,0.00,42.5316505,2.0312667,2128.20,13,0.74,2024-11-10T11:54:51.00+02:00
24.53,3.109,0.00,42.5316505,2.0312667,2128.20,12,0.78,2024-11-10T11:54:52.00+02:00
24.14,3.100,0.00,42.5316505,2.0312667,2128.20,12,0.78,2024-11-10T11:54:53.00+02:00
24.43,3.095,0.00,42.5316505,2.0312667,2128.20,12,0.78,2024-11-10T11:54:54.00+02:00
24.73,3.085,0.00,42.5316505,2.0312667,2128.20,12,0.78,2024-11-10T11:54:55.00+02:00
24.27,3.076,0.00,42.5316505,2.0312667,2128.20,12,0.78,2024-11-10T11:54:56.00+02:00
23.93,3.067,0.00,42.5316505,2.0312667,2128.20,12,0.78,2024-11-10T11:54:57.00+02:00
24.61,3.062,0.00,42.5316505,2.0312667,2128.20,12,0.78,2024-11-10T11:54:58.00+02:00
23.25,3.036,0.00,42.5316505,2.0312667,2128.20,12,0.78,2024-11-10T11:54:59.00+02:00
24.18,3.045,0.00,42.5316505,2.0312667,2128.20,12,0.78,2024-11-10T11:55:00.00+02:00
24.16,3.028,0.00,42.5316505,2.0312667,2128.20,12,0.78,2024-11-10T11:55:01.00+02:00
24.88,3.025,0.00,42.5316849,2.0313168,2127.80,11,0.83,2024-11-10T11:55:02.00+02:00
24.48,3.011,0.00,42.5316849,2.0313168,2127.80,11,0.83,2024-11-10T11:55:03.00+02:00
24.46,2.996,0.00,42.5316849,2.0313168,2127.80,11,0.83,2024-11-10T11:55:04.00+02:00
24.48,2.981,0.00,42.5316849,2.0313168,2127.80,11,0.83,2024-11-10T11:55:05.00+02:00
24.32,2.968,0.00,42.5316849,2.0313168,2127.80,12,0.74,2024-11-10T11:55:06.00+02:00
24.14,2.964,0.00,42.5316849,2.0313168,2127.80,12,0.74,2024-11-10T11:55:07.00+02:00
24.40,2.943,0.00,42.5316849,2.0313168,2127.80,12,0.74,2024-11-10T11:55:08.00+02:00
25.35,2.924,0.00,42.5316849,2.0313168,2127.80,12,0.74,2024-11-10T11:55:09.00+02:00
24.64,2.899,0.00,42.5316849,2.0313168,2127.80,12,0.74,2024-11-10T11:55:10.00+02:00
24.44,2.888,0.00,42.5316849,2.0313168,2127.80,12,0.74,2024-11-10T11:55:11.00+02:00
24.81,2.867,0.00,42.5316849,2.0313168,2127.80,12,0.74,2024-11-10T11:55:12.00+02:00
25.06,2.853,0.00,42.5316849,2.0313168,2127.80,9,0.89,2024-11-10T11:55:13.00+02:00
24.88,2.831,0.00,42.5316849,2.0313168,2127.80,9,0.89,2024-11-10T11:55:14.00+02:00
24.81,2.807,0.00,42.5316849,2.0313168,2127.80,9,0.89,2024-11-10T11:55:15.00+02:00
24.72,2.808,0.00,42.5316849,2.0313168,2127.80,9,0.85,2024-11-10T11:55:16.00+02:00
24.83,2.820,0.00,42.5316849,2.0313168,2127.80,9,0.85,2024-11-10T11:55:17.00+02:00
24.68,2.806,0.00,42.5316849,2.0313168,2127.80,9,0.85,2024-11-10T11:55:18.00+02:00
24.83,2.803,0.00,42.5316849,2.0313168,2127.80,9,0.85,2024-11-10T11:55:19.00+02:00
24.81,2.791,0.00,42.5316849,2.0313168,2127.80,9,0.85,2024-11-10T11:55:20.00+02:00
24.55,2.777,0.00,42.5316849,2.0313168,2127.80,9,0.85,2024-11-10T11:55:21.00+02:00
25.10,2.770,0.00,42.5316849,2.0313168,2127.80,9,0.85,2024-11-10T11:55:22.00+02:00
24.21,2.751,0.00,42.5316849,2.0313168,2127.80,9,0.85,2024-11-10T11:55:23.00+02:00
24.27,2.763,0.00,42.5316849,2.0313168,2127.80,9,0.85,2024-11-10T11:55:24.00+02:00
24.21,2.766,0.00,42.5316849,2.0313168,2127.80,9,0.85,2024-11-10T11:55:25.00+02:00
23.71,2.732,0.00,42.5316849,2.0313168,2127.80,9,0.85,2024-11-10T11:55:26.00+02:00
24.45,2.739,0.00,42.5316849,2.0313168,2127.80,9,0.85,2024-11-10T11:55:27.00+02:00
23.05,2.715,0.00,42.5316849,2.0313168,2127.80,9,0.85,2024-11-10T11:55:28.00+02:00
24.82,2.723,0.00,42.5316849,2.0313168,2127.80,9,0.85,2024-11-10T11:55:29.00+02:00
23.43,2.703,0.00,42.5316849,2.0313168,2127.80,9,0.85,2024-11-10T11:55:30.00+02:00
24.52,2.717,0.00,42.5316849,2.0313168,2127.80,9,0.85,2024-11-10T11:55:31.00+02:00
24.39,2.711,0.00,42.5316849,2.0313168,2127.80,9,0.85,2024-11-10T11:55:32.00+02:00
24.56,2.712,0.00,42.5316849,2.0313168,2127.80,9,0.85,2024-11-10T11:55:33.00+02:00
24.33,2.708,0.00,42.5316849,2.0313168,2127.80,9,0.85,2024-11-10T11:55:34.00+02:00
23.99,2.705,0.00,42.5316849,2.0313168,2127.80,9,0.85,2024-11-10T11:55:35.00+02:00
24.25,2.697,0.00,42.5316849,2.0313168,2127.80,9,0.85,2024-11-10T11:55:36.00+02:00
24.01,2.691,0.00,42.5316849,2.0313168,2127.80,9,0.85,2024-11-10T11:55:37.00+02:00
23.99,2.684,0.00,42.5316849,2.0313168,2127.80,9,0.85,2024-11-10T11:55:38.00+02:00
24.15,2.678,0.00,42.5316849,2.0313168,2127.80,9,0.85,2024-11-10T11:55:39.00+02:00
24.57,2.673,0.00,42.5316849,2.0313168,2127.80,9,0.85,2024-11-10T11:55:40.00+02:00
23.90,2.666,0.00,42.5316849,2.0313168,2127.80,9,0.85,2024-11-10T11:55:41.00+02:00
24.15,2.660,0.00,42.5316849,2.0313168,2127.80,9,0.85,2024-11-10T11:55:42.00+02:00
24.41,2.653,0.00,42.5316849,2.0313168,2127.80,9,0.85,2024-11-10T11:55:43.00+02:00
24.45,2.648,0.00,42.5316849,2.0313168,2127.80,9,0.85,2024-11-10T11:55:44.00+02:00
24.43,2.641,0.00,42.5316849,2.0313168,2127.80,9,0.85,2024-11-10T11:55:45.00+02:00
24.42,2.634,0.00,42.5316849,2.0313168,2127.80,9,0.85,2024-11-10T11:55:46.00+02:00
24.46,2.630,0.00,42.5316849,2.0313168,2127.80,9,0.85,2024-11-10T11:55:47.00+02:00
24.54,2.621,0.00,42.5316849,2.0313168,2127.80,9,0.85,2024-11-10T11:55:48.00+02:00
24.42,2.615,0.00,42.5316849,2.0313168,2127.80,9,0.85,2024-11-10T11:55:49.00+02:00
24.30,2.610,0.00,42.5316849,2.0313168,2127.80,9,0.85,2024-11-10T11:55:50.00+02:00
24.28,2.603,0.00,42.5316849,2.0313168,2127.80,9,0.85,2024-11-10T11:55:51.00+02:00
24.26,2.596,0.00,42.5316849,2.0313168,2127.80,9,0.85,2024-11-10T11:55:52.00+02:00
24.04,2.592,0.00,42.5316849,2.0313168,2127.80,9,0.85,2024-11-10T11:55:53.00+02:00
24.12,2.583,0.00,42.5316849,2.0313168,2127.80,9,0.85,2024-11-10T11:55:54.00+02:00
24.64,2.575,0.00,42.5316849,2.0313168,2127.80,9,0.85,2024-11-10T11:55:55.00+02:00
24.68,2.572,0.00,42.5316849,2.0313168,2127.80,9,0.85,2024-11-10T11:55:56.00+02:00
24.23,2.564,0.00,42.5316849,2.0313168,2127.80,9,0.85,2024-11-10T11:55:57.00+02:00
24.78,2.558,0.00,42.5316849,2.0313168,2127.80,9,0.85,2024-11-10T11:55:58.00+02:00
24.15,2.555,0.00,42.5316849,2.0313168,2127.80,9,0.85,2024-11-10T11:55:59.00+02:00
24.24,2.547,0.00,42.5316849,2.0313168,2127.80,9,0.85,2024-11-10T11:56:00.00+02:00
24.12,2.542,0.00,42.5316849,2.0313168,2127.80,9,0.85,2024-11-10T11:56:01.00+02:00
24.42,2.537,0.00,42.5316849,2.0313168,2127.80,9,0.85,2024-11-10T11:56:02.00+02:00
24.30,2.533,0.00,42.5316849,2.0313168,2127.80,9,0.85,2024-11-10T11:56:03.00+02:00
24.39,2.524,0.00,42.5316849,2.0313168,2127.80,9,0.85,2024-11-10T11:56:04.00+02:00
24.01,2.519,0.00,42.5316849,2.0313168,2127.80,9,0.85,2024-11-10T11:56:05.00+02:00
findetrame
